40 44
6 32 33 1 10 29 10 11 18 9 1 13 10 12 13 29 11 5 9 19 0 9 0 1 4 10 12 3 0 0 3 11 3 11 2 12 2 12 4 25 12 0 9 34 
29 6 1 8 9 2 17 7 3 23 11 9 2 17 0 17 12 17 3 1 0 19 2 6 13 22 13 8 2 5 4 8 2 0 21 11 11 12 19 1 24 2 2 9 
21 1 9 12 2 34 27 30 22 3 11 3 4 3 16 11 23 13 15 6 13 32 18 27 3 34 5 13 12 6 2 11 3 5 10 10 9 16 3 7 2 5 4 10 
4 9 34 31 19 18 10 20 9 5 2 31 7 23 13 9 33 11 5 10 2 24 6 6 0 0 4 10 22 15 31 21 4 13 4 3 8 24 10 6 13 11 5 7 
12 30 4 18 26 12 30 11 3 11 0 15 11 3 2 1 12 10 10 32 33 7 11 1 2 2 1 14 4 8 11 25 2 12 12 20 4 5 12 7 3 34 1 3 
10 8 6 27 2 13 12 23 25 3 11 1 2 18 6 25 7 8 13 13 11 10 9 12 2 13 6 30 21 15 2 9 3 12 10 2 15 5 25 1 8 11 10 4 
5 2 0 20 12 12 9 19 30 11 27 7 4 1 5 6 19 5 29 7 10 13 9 11 33 3 13 4 1 5 6 5 30 13 4 9 8 12 6 1 2 22 18 11 
3 13 13 31 13 8 1 33 2 5 27 5 5 32 7 1 16 29 6 11 12 2 4 11 7 11 12 5 8 13 6 31 8 9 3 30 10 3 7 2 2 8 11 12 
4 2 8 11 27 10 31 10 19 4 0 8 14 1 0 31 11 9 13 3 34 8 19 4 14 13 29 20 12 8 34 25 10 9 9 3 33 12 12 1 8 6 10 5 
13 11 9 3 6 11 6 4 34 11 0 1 3 4 2 5 12 2 8 9 9 3 9 13 13 8 5 13 8 6 11 24 8 15 0 2 5 13 1 8 0 8 3 9 
11 9 28 15 1 5 7 11 0 7 26 2 7 6 3 2 32 8 21 2 6 6 34 1 2 9 3 13 5 9 2 12 1 0 8 10 25 33 1 4 30 2 11 9 
4 14 5 7 12 8 6 24 19 4 4 33 5 11 2 25 12 11 30 5 1 17 6 21 26 6 31 5 4 3 21 5 4 12 33 5 12 5 0 21 29 5 9 3 
15 32 20 7 12 2 6 13 28 3 16 20 24 3 6 0 13 9 27 12 4 19 29 11 8 5 6 2 29 12 2 0 1 22 11 3 6 25 32 0 1 15 23 4 
7 3 33 13 7 11 5 9 4 3 9 21 6 12 11 2 13 3 7 12 10 7 11 8 28 13 17 12 2 7 22 6 30 11 15 5 3 8 10 8 12 20 2 0 
3 7 10 12 12 4 1 3 9 1 12 11 4 0 6 4 4 12 11 12 2 0 27 0 10 1 10 22 9 31 24 0 0 24 0 4 30 12 22 2 13 8 6 7 
14 20 2 10 12 27 5 0 3 11 3 15 13 13 8 13 7 19 3 2 5 19 13 26 6 12 3 7 32 11 22 1 10 11 7 14 31 3 7 16 2 12 4 12 
15 27 9 9 19 8 9 12 12 9 11 20 22 1 10 6 12 14 13 4 4 3 11 21 33 14 4 4 25 8 9 0 19 34 12 0 10 0 2 1 1 9 2 33 
21 4 34 7 24 10 28 10 25 9 0 1 1 7 6 9 5 10 34 5 10 6 1 31 11 12 9 7 10 21 7 1 6 10 1 10 16 7 23 13 0 7 14 13 
19 9 13 0 13 10 1 7 9 12 12 12 30 6 1 10 21 8 3 17 3 31 1 19 0 5 2 1 2 6 16 6 0 5 4 6 10 4 4 3 33 4 5 13 
13 4 6 0 2 7 8 26 2 12 11 18 4 12 13 1 11 6 18 23 12 13 2 15 6 6 4 13 3 0 2 10 0 7 10 25 4 9 6 4 33 21 31 1 
10 11 9 6 8 21 9 19 32 4 7 0 9 2 11 12 12 7 3 9 3 18 13 30 22 8 24 1 1 7 3 0 8 7 1 3 6 17 3 5 9 10 4 16 
34 12 6 12 10 0 0 10 2 33 10 0 7 2 10 13 17 4 29 1 9 4 33 10 9 8 12 9 5 13 24 0 9 9 3 5 15 14 13 13 13 1 8 8 
3 1 11 10 5 28 6 2 3 12 21 28 30 23 9 12 7 27 13 13 33 11 10 2 22 24 11 3 7 23 6 23 6 2 7 5 10 11 11 10 11 28 2 11 
7 10 30 13 10 11 5 11 6 0 21 8 9 6 3 6 4 2 34 6 3 32 2 3 9 27 7 29 1 3 29 5 10 9 5 27 16 6 2 12 26 2 4 13 
33 3 11 6 7 9 0 13 33 8 14 8 4 4 7 12 31 13 9 1 1 6 6 8 7 7 3 12 16 3 5 0 3 1 1 5 6 11 34 12 29 16 5 15 
16 7 25 31 13 11 0 2 5 1 12 34 2 9 1 28 15 2 30 6 10 3 4 8 2 4 21 7 12 0 10 1 29 0 7 12 3 27 13 2 13 9 1 13 
11 8 11 7 11 1 3 1 4 10 4 24 4 1 11 9 24 16 20 1 2 10 3 4 3 9 10 10 13 8 2 31 18 3 7 24 14 25 10 20 9 6 7 2 
7 11 0 15 22 11 0 2 26 26 2 9 4 8 10 12 17 4 11 9 12 26 11 12 2 3 7 28 19 12 32 12 10 4 11 13 2 6 29 4 0 8 23 19 
23 27 16 6 30 26 12 9 12 9 4 10 13 1 13 2 1 2 8 6 5 11 8 19 11 14 9 11 9 22 12 7 2 16 13 6 24 11 29 6 30 2 30 17 
32 1 23 26 11 9 4 23 4 23 11 17 13 1 10 11 4 8 10 8 6 8 1 7 3 5 33 9 27 11 11 7 2 2 4 15 2 8 9 12 28 9 4 8 
8 8 2 7 8 19 29 4 28 10 32 4 20 24 16 1 10 12 0 4 11 34 11 3 7 33 8 23 28 9 9 3 12 15 22 12 13 18 11 2 6 4 3 12 
33 13 13 23 10 3 9 2 7 3 11 1 4 3 11 13 10 10 0 6 4 1 5 8 2 7 1 4 26 8 28 2 7 15 1 6 6 20 10 5 20 13 1 12 
1 12 2 10 2 30 9 4 24 11 12 13 7 13 12 0 34 2 13 4 6 32 0 4 8 32 30 5 30 2 10 11 26 8 1 1 19 6 7 1 12 0 13 34 
12 3 27 19 6 14 0 1 11 5 13 6 1 0 12 1 30 0 7 5 4 9 34 29 1 12 5 12 16 33 5 10 18 7 24 33 10 11 18 22 8 6 10 4 
6 3 6 22 5 3 23 11 9 7 7 12 22 13 5 9 4 5 14 2 8 13 8 4 6 10 9 6 4 7 33 19 18 10 20 21 12 29 12 5 13 13 3 3 
7 27 7 12 27 3 4 13 5 9 30 9 12 6 30 22 3 9 4 10 6 3 22 11 7 12 5 34 11 29 14 12 24 7 12 0 10 1 5 6 11 10 7 4 
12 12 27 10 12 8 3 13 11 13 10 29 8 30 7 3 11 12 13 12 8 1 18 8 11 15 34 8 1 1 32 3 11 5 2 7 21 4 4 12 8 21 23 8 
17 12 1 4 10 2 7 9 23 4 0 33 7 30 4 9 19 4 4 5 7 1 0 33 33 2 4 13 5 4 8 32 0 5 27 13 32 6 4 25 14 11 28 6 
12 8 13 8 13 10 11 19 1 27 7 27 1 9 13 4 1 9 0 3 32 7 24 2 10 0 13 12 5 22 11 1 2 12 10 5 7 13 6 16 16 2 21 2 
23 10 20 6 10 6 4 3 9 12 12 6 0 3 0 10 27 27 26 8 11 27 10 22 12 5 7 7 33 2 28 6 27 12 34 22 9 27 9 7 16 1 6 17 
