24 36
2 33 5 0 11 19 1 27 12 24 32 2 15 11 11 11 22 8 13 13 6 20 10 13 13 16 13 8 14 4 13 11 16 6 6 26 
20 0 8 13 12 6 9 7 7 5 7 5 12 26 12 22 7 4 4 9 25 12 10 13 15 1 33 11 8 12 5 11 12 1 26 5 
1 8 4 11 5 0 11 23 8 7 15 7 2 28 13 14 0 9 33 23 20 7 6 1 4 9 13 32 17 10 7 0 20 5 3 17 
7 28 8 27 0 5 9 18 3 6 19 2 19 27 17 10 34 10 26 16 12 12 27 1 4 11 7 2 31 5 1 1 17 19 3 10 
1 23 6 31 9 4 10 7 16 13 30 8 11 0 6 0 11 4 6 10 11 5 8 1 28 9 9 16 1 11 7 11 6 33 2 7 
6 13 0 12 15 6 7 7 27 9 8 9 1 7 30 1 12 4 0 0 2 22 2 28 3 3 1 3 9 10 3 17 10 13 2 9 
24 11 9 3 2 28 11 6 22 11 9 10 9 2 30 13 1 0 8 1 10 19 33 3 11 7 2 2 26 8 16 5 1 2 7 11 
14 12 4 22 26 1 4 2 12 8 12 11 20 2 2 6 29 3 7 4 12 24 6 4 2 11 15 10 3 7 34 7 25 29 3 12 
15 11 25 30 1 6 11 0 1 5 11 21 7 3 9 8 1 18 10 13 3 5 33 11 5 11 7 9 11 4 33 9 2 29 1 13 
34 22 14 26 7 34 8 1 12 10 8 1 5 29 8 27 7 2 9 22 9 0 20 8 6 1 7 31 9 1 2 26 1 25 3 15 
13 4 13 5 13 9 21 8 8 6 4 13 1 12 13 5 33 29 11 8 7 33 19 6 2 22 8 5 0 3 10 22 3 4 20 3 
33 6 20 4 4 10 34 11 30 2 0 6 25 2 10 12 7 1 10 11 4 1 6 8 11 2 3 10 24 8 2 1 0 25 8 3 
10 21 2 13 10 1 9 0 7 5 19 1 3 32 8 1 6 33 6 30 5 2 26 7 1 4 13 23 11 27 6 24 10 11 5 2 
26 11 4 1 0 7 7 12 9 10 11 20 13 5 4 0 0 1 12 17 22 0 15 33 4 5 8 10 6 10 1 13 1 5 25 23 
12 6 12 17 32 2 1 4 7 0 1 24 9 13 20 17 12 8 23 1 10 25 9 31 6 22 8 25 4 0 24 15 11 3 5 5 
13 7 1 28 9 13 8 11 21 5 12 12 11 3 12 26 10 9 11 8 11 33 13 12 1 9 16 5 32 16 19 4 0 0 3 6 
3 2 1 21 30 15 12 9 7 19 8 8 30 13 10 17 3 0 32 4 9 12 12 1 12 5 18 1 11 7 31 3 26 2 16 10 
6 3 12 20 10 14 7 3 9 7 3 5 1 0 10 9 29 0 11 2 12 6 32 12 1 9 6 1 2 13 8 4 18 9 26 6 
1 11 7 15 13 33 13 1 5 6 18 19 17 14 21 7 8 8 4 0 11 5 7 5 11 12 7 5 27 12 14 3 26 13 3 5 
1 2 17 13 2 7 9 6 2 3 3 2 26 13 16 11 0 4 8 8 3 8 17 10 7 25 13 16 33 6 2 9 20 9 29 0 
1 6 5 32 12 21 4 12 12 6 3 20 9 19 11 5 7 0 8 13 1 12 5 15 10 12 1 13 5 3 2 4 12 29 19 2 
27 5 30 6 4 6 0 8 27 4 3 5 2 2 31 15 10 2 11 3 21 26 8 22 10 12 4 13 6 12 11 13 23 7 8 1 
32 15 12 2 24 11 5 5 13 16 11 8 0 13 31 32 13 5 7 21 5 7 22 29 7 6 1 12 6 13 0 33 21 11 7 6 
23 0 6 10 0 11 14 3 5 10 18 23 0 5 1 2 4 5 11 8 15 10 7 15 1 1 9 5 4 23 7 1 6 21 15 28 
