34 32
0 29 24 19 6 19 18 10 19 34 2 1 6 6 6 11 10 6 11 3 1 4 0 13 5 1 7 10 3 6 27 28 
18 1 1 10 8 24 4 11 6 8 6 2 13 23 19 2 32 11 3 8 13 4 9 2 9 7 3 10 8 3 22 4 
11 9 10 1 33 1 6 6 4 9 0 22 7 19 2 8 10 8 34 21 2 7 33 7 23 25 6 7 7 9 32 0 
9 26 12 22 12 4 1 13 4 18 10 0 1 10 23 30 9 3 8 28 6 20 6 17 12 21 32 12 8 9 7 9 
9 7 11 6 34 28 34 8 0 13 12 8 8 0 14 7 10 6 30 13 8 7 0 5 10 11 14 5 5 7 13 12 
25 9 6 11 5 3 1 24 12 13 12 2 2 9 9 2 13 34 9 1 3 11 18 6 12 21 15 2 11 29 9 10 
4 22 32 4 5 12 0 33 10 2 8 25 10 5 29 7 33 2 13 9 7 20 12 5 26 11 3 1 13 2 18 9 
7 5 6 26 0 8 4 11 1 8 6 11 5 3 22 9 12 3 8 8 21 5 9 15 2 26 4 0 0 28 9 4 
11 24 6 5 14 18 13 12 25 20 6 5 33 6 0 11 6 34 2 1 26 2 3 14 21 4 12 6 3 7 0 26 
6 27 23 12 10 5 10 8 4 11 10 2 12 2 9 20 33 26 13 9 34 26 10 6 22 0 14 13 12 7 30 4 
18 28 9 4 3 7 25 10 9 9 13 12 23 7 24 27 6 32 12 32 0 1 4 15 13 10 5 2 11 32 1 5 
23 23 5 1 8 8 14 10 2 10 10 8 4 7 16 1 12 32 7 5 28 0 6 11 2 9 10 12 0 0 5 8 
0 23 19 9 11 1 30 4 13 8 10 3 8 30 12 12 12 30 9 11 10 30 3 0 0 10 5 27 27 27 7 24 
11 12 0 19 25 33 12 6 28 2 13 8 11 10 10 32 4 1 7 27 2 24 0 6 1 1 29 33 12 7 6 4 
22 8 7 13 16 5 20 3 5 9 12 3 11 3 0 10 10 18 26 0 26 3 28 9 9 23 4 13 12 6 6 13 
1 0 6 9 7 13 15 1 0 7 0 6 23 30 4 23 12 8 7 12 25 10 12 6 16 1 6 26 30 2 10 10 
6 10 23 9 16 4 0 0 2 6 6 2 9 0 8 9 12 7 32 8 15 4 12 25 7 3 11 3 4 17 8 6 
31 11 29 15 27 16 34 4 0 0 0 11 9 1 12 4 32 14 5 18 34 29 24 4 0 18 4 9 13 10 34 2 
29 9 5 2 0 0 19 10 16 12 11 15 14 3 6 8 18 11 5 0 23 4 12 2 33 0 1 3 32 11 31 2 
13 7 14 28 10 8 1 34 5 5 29 1 26 9 4 34 34 19 21 25 1 6 8 14 9 32 7 20 7 11 6 0 
7 12 27 8 32 2 12 19 0 11 26 18 8 10 24 11 6 0 0 10 10 0 4 3 9 2 32 26 13 10 2 1 
8 1 27 2 12 8 30 3 26 14 11 13 15 10 10 9 5 5 0 22 8 13 0 13 0 6 6 11 22 9 5 12 
14 23 30 5 13 7 34 2 4 5 8 9 21 8 26 12 5 11 4 7 10 0 7 21 1 3 20 10 6 20 2 9 
12 31 13 7 16 33 3 6 12 33 26 13 6 16 0 9 8 12 5 13 26 20 11 1 4 1 5 13 7 18 9 6 
11 12 2 7 1 19 2 11 7 12 13 0 6 9 27 31 9 7 11 20 0 6 7 13 17 5 1 11 6 19 6 13 
20 10 6 3 22 4 10 18 7 32 0 34 12 1 5 12 9 6 9 0 4 12 18 12 6 1 7 8 27 16 15 23 
4 2 10 2 31 0 25 5 7 9 11 5 2 31 9 13 13 6 11 2 12 11 12 10 6 13 3 13 8 6 2 10 
6 1 10 4 11 6 4 4 4 18 0 8 0 6 12 22 0 0 7 3 4 12 6 3 28 5 17 2 20 9 16 11 
9 12 0 3 12 27 5 9 27 4 30 4 12 12 28 0 10 7 8 5 5 5 12 16 0 13 5 13 9 34 6 19 
3 15 7 0 3 27 13 12 16 31 13 9 2 3 9 12 9 12 13 31 6 11 0 9 20 12 23 19 14 1 2 27 
9 17 0 30 11 3 7 17 4 6 6 16 34 8 9 1 8 7 16 4 3 0 8 10 25 7 8 5 2 2 14 8 
9 31 6 1 32 2 25 3 6 6 14 1 3 2 33 33 12 6 4 8 10 1 29 13 8 24 7 9 2 0 3 12 
11 7 7 7 6 6 21 19 7 33 13 6 2 31 10 7 13 12 3 27 1 16 7 1 3 5 5 9 9 26 9 3 
32 9 26 29 9 15 13 12 11 4 2 30 10 4 12 15 6 7 20 3 7 3 20 7 33 12 8 28 1 0 4 34 
