35 44
7 27 14 15 28 2 34 10 1 12 0 6 22 32 0 7 14 12 6 33 2 8 13 10 12 6 11 10 22 3 7 5 1 11 10 0 4 6 2 10 11 7 10 8 
15 6 7 5 3 1 0 2 22 7 0 4 12 9 0 0 1 30 3 5 13 27 9 32 7 9 34 2 12 20 22 13 21 29 34 27 12 16 9 12 12 1 13 11 
33 26 19 32 4 13 2 28 11 1 12 24 2 5 8 7 12 11 16 33 11 8 2 11 0 20 21 0 7 10 34 23 9 0 14 24 16 0 6 21 0 0 0 34 
2 32 25 11 10 1 7 2 6 6 5 33 14 33 6 1 1 32 13 5 12 8 1 4 5 3 7 7 11 6 12 16 10 1 32 6 13 12 0 8 11 10 13 12 
14 22 21 4 11 11 1 30 29 3 15 14 12 20 6 5 6 12 9 7 10 12 11 30 8 0 10 8 5 8 9 7 28 3 31 7 13 6 23 5 2 15 10 4 
3 1 5 9 12 8 2 4 5 2 0 9 9 13 9 4 8 13 13 2 17 0 8 2 13 12 0 31 26 9 12 1 8 32 15 15 10 15 4 20 2 12 0 29 
32 30 6 3 11 6 9 13 11 1 7 20 2 13 9 18 0 25 0 18 13 31 1 6 15 3 20 8 11 8 7 1 9 4 3 7 6 3 1 5 4 8 3 17 
17 23 0 1 24 4 7 2 28 4 8 7 6 21 8 8 3 30 13 5 12 27 9 3 3 14 9 7 23 23 6 5 33 26 2 8 27 5 27 7 9 6 1 2 
31 8 6 1 2 7 34 6 15 4 11 15 13 27 3 28 2 2 5 9 25 7 33 15 13 3 10 3 12 4 6 25 5 23 5 34 27 5 7 27 10 3 0 6 
6 5 24 5 3 9 1 15 5 7 21 13 4 12 2 1 14 7 1 1 5 19 5 0 1 6 7 2 0 7 13 5 7 11 4 21 22 22 12 5 11 10 1 13 
3 1 5 1 6 27 5 3 4 2 6 19 16 2 3 8 1 2 14 15 13 4 5 21 0 2 12 24 1 1 12 10 21 15 4 33 11 22 13 8 6 3 1 4 
8 2 7 3 19 5 1 20 13 7 4 1 6 12 4 0 5 3 28 15 12 27 11 4 8 3 4 24 3 2 9 11 3 4 8 7 9 3 26 13 29 10 16 2 
18 28 12 4 9 6 6 19 13 11 5 4 22 13 13 3 8 18 7 11 0 9 12 24 7 8 0 2 11 5 12 34 10 10 2 21 5 26 3 8 1 1 13 0 
2 21 3 9 5 16 12 3 26 0 12 34 27 15 22 2 21 2 12 5 6 2 2 29 11 12 12 12 6 12 11 10 0 9 3 22 11 0 31 20 6 3 25 4 
10 12 26 13 11 31 0 17 6 12 25 5 8 33 1 9 6 13 12 6 19 1 8 7 12 7 0 8 9 13 5 6 1 10 30 9 1 5 5 4 10 10 2 10 
29 26 1 9 15 11 12 0 32 11 9 9 10 3 12 19 2 6 1 10 5 13 12 13 33 21 6 5 10 13 6 3 6 13 13 3 18 1 3 2 2 32 34 9 
2 0 1 20 13 10 13 30 11 0 10 5 8 8 10 0 27 8 9 10 7 0 1 13 17 0 31 1 11 18 10 9 31 10 13 2 12 19 4 25 13 31 14 13 
13 2 13 22 9 2 9 0 4 32 5 23 34 9 0 10 7 20 1 13 11 16 0 15 11 11 8 0 6 3 0 4 1 5 8 7 32 6 10 13 26 5 13 7 
13 10 29 4 24 5 10 13 33 11 0 4 13 8 4 3 4 5 23 4 11 6 4 24 1 27 9 1 12 4 20 1 12 3 11 22 7 0 15 0 21 19 11 13 
8 2 34 3 4 2 31 5 9 10 2 5 29 13 28 0 8 1 12 9 10 13 26 13 7 5 10 5 28 6 24 12 0 34 9 12 6 9 9 12 26 5 2 16 
11 13 33 12 11 9 5 13 9 9 4 1 4 12 1 13 8 33 28 24 7 10 8 11 5 5 3 7 25 18 31 20 30 1 0 22 20 6 19 0 31 26 5 33 
4 1 6 8 3 30 3 12 2 34 3 4 30 31 6 13 5 11 4 1 6 10 6 31 4 24 12 11 7 1 11 25 7 12 8 6 24 23 8 25 11 2 13 4 
27 12 30 9 30 6 11 23 33 0 11 13 10 13 22 28 8 6 12 0 32 12 20 5 7 27 12 3 0 7 18 0 32 0 6 3 4 9 4 7 7 13 3 9 
6 18 27 5 14 0 14 3 3 0 5 27 0 2 9 3 10 13 3 4 7 3 12 11 13 9 8 0 8 0 0 3 13 32 31 17 3 13 31 26 4 12 6 10 
13 2 4 10 8 12 1 2 7 9 12 16 27 10 32 11 6 6 12 1 10 25 0 4 6 4 0 19 9 10 3 4 22 24 2 2 4 4 26 10 7 30 23 28 
3 6 1 13 23 11 20 7 6 9 2 5 1 8 0 12 23 10 12 22 8 0 3 13 3 6 13 6 11 1 11 21 8 27 8 27 8 33 0 0 8 11 0 13 
5 17 3 8 6 5 5 11 12 8 20 4 7 1 13 9 8 3 16 4 4 12 13 13 26 1 4 8 10 32 2 9 7 8 32 10 11 32 1 6 20 23 27 5 
12 13 12 7 3 10 8 2 8 13 0 0 0 25 29 5 0 11 5 13 2 15 9 13 5 25 17 13 32 28 3 13 7 1 1 3 28 34 2 7 5 3 13 8 
8 31 1 12 8 32 7 33 12 13 34 13 13 18 8 11 4 11 19 5 12 6 7 7 3 2 10 20 0 15 30 3 31 4 2 21 11 34 3 8 6 13 27 9 
10 12 2 2 13 13 4 9 1 12 11 12 22 0 8 18 5 4 27 2 3 20 13 5 12 2 2 4 22 9 28 10 0 7 4 27 9 4 2 18 0 2 32 20 
29 13 12 0 23 6 5 34 13 12 2 1 4 1 24 2 21 12 10 12 1 3 2 5 31 8 32 8 2 29 22 3 0 12 13 3 27 4 31 11 11 31 26 10 
12 4 1 24 23 4 20 6 2 0 2 13 0 5 2 32 7 9 2 5 11 12 11 0 5 3 4 0 2 8 22 13 26 8 6 34 9 6 3 7 21 9 3 17 
3 9 17 15 7 27 5 13 10 8 7 5 2 10 34 5 13 16 10 20 11 11 5 24 5 7 1 29 20 28 8 0 8 14 6 5 0 10 17 15 13 10 25 8 
5 8 1 10 3 9 2 22 8 6 2 2 8 6 8 3 26 3 8 8 3 2 9 11 13 6 32 0 6 15 3 8 24 9 11 11 8 13 29 11 18 2 19 12 
7 9 16 6 15 1 12 13 3 7 11 6 9 7 10 1 9 5 3 6 20 27 2 24 28 11 10 13 9 0 4 30 12 1 12 3 21 20 10 3 10 2 30 14 
