24 24
6 27 10 5 3 12 13 22 13 16 32 4 9 1 21 3 15 11 10 9 27 1 4 3 
17 1 15 13 11 12 31 1 9 6 13 6 2 32 8 6 13 11 2 7 16 13 4 24 
12 13 28 13 7 13 33 7 14 3 12 6 12 4 5 13 2 1 33 15 0 12 4 7 
3 6 4 20 17 4 8 1 12 15 6 9 10 12 9 13 30 2 25 10 5 8 0 28 
32 2 8 7 28 4 12 1 3 26 12 11 4 4 15 30 6 6 29 8 5 21 3 2 
0 9 13 33 27 7 22 9 8 7 13 10 1 1 13 8 1 7 12 10 31 13 1 6 
0 7 2 12 7 11 11 17 13 0 18 28 10 2 15 7 15 6 4 7 9 10 10 4 
13 11 23 25 32 4 9 5 4 29 12 8 2 30 4 9 8 6 5 0 22 3 13 2 
12 13 9 0 19 11 1 10 2 8 24 1 33 8 21 8 8 13 7 4 0 27 13 31 
3 4 5 19 33 7 8 32 7 16 2 11 11 20 22 10 0 16 12 0 3 1 0 4 
2 33 0 7 28 34 25 8 11 12 13 12 13 6 12 12 15 9 22 10 7 1 3 4 
29 10 17 1 2 1 1 3 7 9 22 11 17 11 2 0 7 4 5 7 7 19 15 25 
1 3 0 34 9 4 26 11 2 34 7 8 9 8 0 2 19 10 32 7 1 2 16 12 
11 7 9 28 13 5 6 2 10 11 10 6 23 10 8 5 2 3 9 10 24 25 28 3 
10 32 29 0 7 5 30 9 23 1 5 0 7 2 9 9 24 1 4 8 12 19 23 4 
12 11 11 3 32 4 9 3 18 4 0 2 12 10 9 7 0 0 4 9 10 13 3 1 
17 2 19 5 13 2 5 5 4 32 8 4 10 18 12 5 11 0 13 8 9 6 2 4 
3 2 28 13 17 10 7 11 11 6 15 29 2 8 7 28 8 0 10 10 21 9 13 22 
3 5 1 5 9 8 9 1 9 4 33 19 12 4 32 33 23 6 28 3 28 18 30 5 
4 10 2 7 3 10 3 34 10 5 12 1 9 13 1 6 9 12 8 15 16 32 4 11 
19 1 33 5 2 0 10 9 6 29 1 11 17 26 33 2 33 19 3 8 24 11 3 1 
4 19 17 11 8 5 8 24 4 15 12 11 8 5 30 11 30 5 7 18 17 12 27 1 
0 7 27 1 8 6 5 2 16 2 3 9 26 13 11 13 5 19 2 12 7 2 26 11 
6 2 21 13 1 13 9 10 4 10 11 11 7 0 3 25 5 17 1 30 0 3 10 29 
