26 27
1 27 1 5 29 18 3 22 9 20 0 9 30 1 4 3 5 4 5 3 30 1 11 8 29 0 4 
29 12 5 10 4 0 4 9 6 19 6 6 9 1 29 7 12 10 15 12 6 4 22 6 6 3 11 
10 4 7 25 13 7 25 10 6 27 5 2 26 7 21 4 17 0 17 9 0 2 28 12 6 5 11 
23 26 5 26 9 8 12 13 11 24 9 21 2 28 4 23 8 0 20 10 12 7 13 5 13 1 2 
9 10 4 1 3 7 24 20 3 32 1 7 10 12 3 11 1 32 13 8 10 7 14 31 12 3 0 
13 1 24 10 19 3 11 2 9 17 4 11 4 20 3 7 13 19 0 8 10 24 33 10 27 5 27 
13 7 7 31 3 0 4 8 12 4 5 0 29 7 12 10 9 30 28 8 0 10 15 11 33 0 12 
13 5 1 13 5 8 7 14 12 25 19 12 4 1 13 2 7 26 11 34 18 23 0 3 4 12 11 
11 22 2 0 4 5 2 11 22 10 12 13 0 27 2 7 1 2 30 17 9 9 15 12 6 6 8 
12 10 27 30 11 4 10 15 29 18 27 0 10 32 6 11 9 7 2 1 6 31 13 11 20 1 2 
3 24 6 26 9 9 8 14 20 6 3 1 10 10 8 1 9 9 10 19 5 4 8 4 12 0 20 
12 9 0 5 9 12 8 5 8 2 12 9 10 9 4 0 27 11 0 11 34 2 6 7 10 28 11 
4 6 29 1 1 3 2 2 23 11 14 3 21 10 7 8 9 13 21 6 2 7 18 18 21 34 4 
10 9 4 5 13 13 8 2 8 0 6 4 8 11 21 5 5 34 0 13 13 23 26 6 30 7 23 
3 32 13 9 0 12 7 11 2 26 23 2 1 0 34 13 7 22 25 6 30 2 0 7 3 1 5 
3 3 8 9 2 21 16 6 12 26 29 4 13 16 3 27 13 9 13 12 15 3 2 20 5 6 3 
11 12 32 20 0 12 3 9 9 30 12 12 8 16 8 13 29 8 13 2 0 13 4 2 25 0 12 
10 3 10 9 3 7 26 30 10 0 19 0 1 12 15 4 3 33 11 24 22 21 18 31 4 10 7 
19 5 30 26 12 3 10 32 10 20 7 5 22 5 17 2 19 18 1 1 34 2 33 2 13 5 2 
5 4 13 23 30 0 7 34 5 6 12 6 4 34 19 2 34 4 12 2 1 7 8 18 5 0 8 
10 12 5 4 8 14 2 14 1 17 10 13 3 4 8 14 1 3 7 1 30 14 6 7 9 2 2 
8 3 26 2 12 13 4 2 1 5 13 5 9 17 10 25 3 4 13 12 8 25 28 2 8 3 28 
12 3 13 2 23 13 19 9 33 4 31 20 1 3 26 18 34 2 16 7 0 3 3 0 6 12 8 
2 9 22 21 3 8 3 16 6 0 32 2 5 2 7 14 11 13 10 19 6 0 19 30 2 8 8 
8 10 1 6 34 15 13 7 5 18 8 3 29 7 19 9 10 9 2 11 21 4 11 33 8 6 22 
4 11 14 0 5 1 2 9 12 34 11 31 0 1 12 9 1 13 6 13 13 26 1 9 7 13 19 
