26 23
4 28 7 14 1 3 30 3 0 29 5 4 3 2 4 2 10 23 18 10 29 11 1 
21 10 5 6 9 3 5 3 13 34 22 30 31 0 9 10 5 9 27 13 5 12 8 
20 5 34 32 1 9 29 12 6 8 0 6 8 13 21 0 11 6 29 11 2 12 13 
18 5 3 12 0 10 10 8 5 28 12 5 18 7 9 15 13 21 2 7 3 2 26 
8 32 5 15 27 9 8 12 13 3 4 27 4 12 18 3 24 5 0 31 13 18 12 
9 8 15 7 7 10 11 0 6 0 0 20 3 9 15 0 7 7 25 6 29 10 11 
12 0 4 2 11 6 8 14 11 9 7 4 8 9 22 33 17 7 7 6 11 13 24 
9 10 26 9 3 28 4 9 12 14 9 2 17 9 2 3 1 4 12 12 8 2 5 
24 4 15 24 7 10 3 4 12 34 19 6 12 16 10 5 3 0 24 4 3 28 12 
1 6 6 5 26 28 22 26 28 0 3 0 10 2 32 6 5 2 11 3 9 12 13 
1 2 0 3 11 6 8 26 8 22 12 0 4 1 8 33 32 23 0 12 12 17 11 
20 2 8 31 9 5 2 24 20 33 1 2 14 18 13 6 7 23 10 8 3 3 8 
34 26 30 6 4 7 13 5 7 11 27 0 4 4 5 11 10 22 11 8 0 13 1 
29 9 5 10 10 3 5 3 2 10 6 23 1 8 19 33 4 6 5 8 11 4 12 
28 28 10 12 34 13 5 33 4 16 34 34 2 17 1 13 4 7 3 8 7 9 4 
2 29 2 12 3 2 9 3 23 27 7 5 1 34 7 32 9 13 17 26 12 11 9 
27 15 0 15 2 7 32 8 4 13 8 5 22 22 12 0 6 7 3 17 5 9 27 
17 7 0 20 1 5 4 0 12 11 30 9 9 8 9 11 19 17 0 30 9 5 1 
4 13 15 20 12 0 18 8 13 28 1 6 7 10 10 6 2 0 7 30 0 11 29 
8 7 0 10 3 7 8 18 2 4 32 31 1 10 3 1 13 16 1 4 7 0 34 
4 28 34 2 0 24 4 1 11 8 7 10 5 2 0 32 2 6 9 8 33 12 15 
6 26 0 1 4 10 0 30 13 13 1 11 10 5 9 15 25 1 34 15 3 24 4 
5 32 0 18 1 23 2 6 28 31 11 13 1 2 6 11 30 12 11 14 4 0 10 
8 2 17 10 7 5 10 10 12 18 12 6 7 3 6 9 2 6 9 4 17 11 4 
21 9 7 11 1 0 7 2 12 11 6 4 29 0 6 2 28 13 13 10 23 9 6 
4 29 12 5 0 10 5 13 0 7 2 2 11 0 14 6 17 6 3 1 14 31 19 
