30 21
9 3 7 19 5 9 1 7 7 6 34 5 23 10 12 3 12 8 16 19 9 
16 9 3 8 1 10 17 5 4 14 25 6 3 13 4 9 33 11 20 24 2 
17 2 22 1 1 0 4 29 33 0 0 9 16 3 18 1 19 33 10 6 0 
2 17 4 12 1 29 13 11 30 0 6 7 6 7 4 5 9 0 23 31 19 
8 11 1 7 0 12 6 28 3 0 24 7 12 3 5 0 3 8 11 8 34 
23 12 7 21 29 30 11 9 21 5 8 23 12 26 0 9 5 4 4 27 12 
8 22 11 8 3 30 0 4 6 10 8 1 28 9 2 16 16 11 8 6 13 
2 10 7 2 22 7 6 4 13 9 2 10 6 11 31 12 13 7 6 4 15 
12 5 1 31 20 6 9 3 11 20 7 20 1 27 26 25 27 4 13 6 12 
3 21 0 16 8 8 10 21 11 9 23 0 23 21 4 4 12 12 12 14 0 
4 20 30 2 4 13 6 13 9 11 34 7 12 15 7 4 1 0 4 1 2 
7 6 20 14 10 9 9 5 27 6 0 1 11 2 1 10 19 33 20 11 8 
12 7 5 0 11 26 10 3 16 1 33 31 28 11 8 1 34 13 10 4 12 
2 26 2 1 24 27 6 5 1 11 2 9 6 33 13 5 4 2 0 10 5 
26 6 22 6 13 4 4 9 11 27 5 5 12 30 7 13 8 6 2 10 5 
7 24 26 14 13 18 7 28 27 11 4 11 34 13 25 26 23 12 28 29 2 
6 11 12 9 8 15 6 6 17 20 4 13 5 9 13 8 8 24 22 3 13 
13 9 7 12 12 13 25 4 4 0 0 8 9 10 10 18 34 9 2 32 4 
27 6 4 3 4 6 9 3 13 23 2 15 1 10 3 9 18 7 12 8 21 
13 9 34 16 3 25 4 9 8 1 8 0 1 31 4 2 18 22 32 10 9 
8 11 1 3 11 25 4 15 3 0 6 5 20 10 28 1 3 3 19 15 2 
8 21 20 5 3 9 25 20 17 4 5 4 9 6 0 33 5 7 6 24 23 
0 13 2 8 26 7 12 21 3 11 7 27 12 25 30 11 26 33 29 9 12 
12 2 10 15 17 6 3 11 7 12 0 10 10 9 12 10 2 6 4 7 25 
1 22 34 22 23 2 3 9 5 8 10 3 3 0 0 28 7 4 5 11 15 
2 13 12 2 27 3 10 11 2 11 4 5 8 1 19 1 4 21 10 8 6 
7 2 34 10 24 8 28 28 10 0 24 3 10 12 4 0 13 2 33 12 9 
27 4 29 8 7 12 27 4 26 11 5 10 0 8 20 10 8 25 6 8 3 
12 31 13 1 9 0 8 5 3 7 3 4 7 4 34 3 32 3 7 4 12 
11 1 6 11 12 12 2 12 5 30 10 26 3 27 33 11 6 7 18 4 14 
