31 34
3 22 0 11 4 2 3 22 12 12 6 32 14 16 0 17 1 0 12 18 30 3 12 8 10 2 10 1 2 11 7 17 4 12 
15 7 2 3 4 4 21 11 30 20 22 17 23 0 14 28 15 3 1 1 11 12 13 12 8 19 28 0 1 30 0 15 0 1 
0 1 10 19 9 13 22 10 1 2 12 13 13 34 4 0 7 17 25 8 33 7 2 13 9 1 4 4 9 28 1 1 1 11 
11 2 9 8 26 12 14 9 13 10 8 13 1 6 4 13 13 34 9 9 8 18 30 27 13 8 0 6 25 12 5 33 7 2 
11 4 6 5 4 2 1 12 26 17 17 4 16 13 28 7 12 6 3 0 8 11 8 0 1 15 1 0 1 7 2 2 7 8 
7 0 12 27 12 4 7 19 0 4 29 18 34 5 0 26 10 12 5 11 11 25 20 2 8 4 4 12 13 16 24 22 28 3 
31 2 3 11 0 1 3 6 6 11 1 12 8 5 9 25 11 2 17 9 13 11 16 6 5 7 6 23 4 6 2 4 10 2 
17 4 21 8 2 4 5 17 13 26 6 12 7 13 19 10 16 3 9 10 9 13 2 1 13 5 26 12 2 34 2 3 12 5 
12 8 0 30 14 29 21 15 4 3 11 16 23 1 11 8 9 30 6 5 26 20 12 31 7 2 1 10 1 9 7 8 3 11 
7 0 7 11 5 33 3 19 7 13 3 13 3 2 7 8 3 11 12 30 1 12 21 2 2 23 2 0 1 1 34 30 0 5 
2 11 34 10 12 11 7 7 0 14 10 6 16 8 10 13 3 13 24 2 7 31 27 3 4 22 20 28 11 27 5 4 30 10 
34 12 15 0 17 24 0 6 5 3 4 8 1 3 13 14 4 7 6 5 4 8 12 10 10 25 0 2 10 19 1 5 0 6 
12 15 4 18 9 5 6 13 3 4 7 5 0 11 25 0 25 32 12 16 3 9 5 5 1 28 7 23 2 18 8 1 8 13 
1 30 19 4 10 3 13 8 16 23 6 10 3 10 33 22 6 25 22 3 13 2 32 30 6 0 11 14 7 2 8 10 2 11 
0 21 0 2 6 10 11 29 29 9 1 12 28 32 11 7 30 0 22 0 33 22 3 11 15 18 23 19 12 2 15 2 9 13 
4 29 5 23 7 31 1 33 11 4 21 12 12 8 3 11 1 4 3 29 8 3 20 5 17 6 11 10 29 5 13 13 9 4 
4 4 9 3 3 12 5 13 16 10 3 2 2 11 7 5 6 0 1 2 1 5 0 1 13 6 31 12 12 3 0 11 2 19 
5 7 3 4 9 3 7 3 2 3 1 20 24 7 1 9 21 0 18 3 4 7 0 12 2 22 2 13 1 28 10 13 4 1 
7 1 8 4 10 8 9 5 29 8 25 10 5 32 21 23 4 15 12 5 13 13 3 11 7 2 24 6 11 2 25 16 11 31 
10 12 12 6 19 33 11 1 8 0 4 9 13 21 2 10 3 17 7 13 20 11 7 14 5 34 12 4 4 6 10 4 11 0 
7 10 27 3 19 14 0 11 2 12 5 12 2 2 2 2 6 5 16 0 3 2 7 2 24 25 5 9 3 0 9 15 15 6 
2 5 7 3 2 2 11 34 7 16 8 0 13 9 2 12 3 12 23 23 0 13 5 8 20 27 34 3 2 10 2 31 20 5 
4 8 12 9 6 13 5 15 4 7 13 5 12 13 6 5 25 33 7 3 2 9 15 11 8 9 6 11 18 11 8 6 8 4 
12 3 8 4 3 10 11 7 13 33 5 20 1 3 34 6 11 10 11 26 2 12 24 9 0 1 24 8 9 0 4 1 0 13 
10 13 8 11 11 5 9 2 0 4 5 26 13 4 14 11 10 3 5 10 10 2 8 6 12 12 3 19 9 3 29 22 9 31 
0 8 12 29 13 7 6 2 1 0 23 1 1 25 5 11 12 6 30 17 5 7 1 2 10 3 4 3 9 12 13 22 14 16 
3 10 2 27 10 8 12 20 14 9 3 7 27 29 12 1 11 1 4 10 0 9 21 30 4 11 10 12 16 13 13 10 11 6 
34 6 17 16 5 8 11 2 4 31 20 4 30 9 18 6 7 4 6 33 0 7 0 11 11 30 22 12 33 4 3 4 20 1 
1 6 1 0 2 27 20 11 4 34 30 15 11 30 0 11 15 34 21 23 10 1 0 31 33 6 33 0 6 27 1 7 0 13 
7 12 4 18 7 2 19 11 3 12 5 29 9 7 16 3 2 2 14 8 16 11 2 9 2 1 14 26 5 11 4 0 5 19 
0 34 4 11 11 10 13 4 2 8 32 13 9 5 0 8 2 12 13 4 4 6 29 0 6 4 34 12 3 6 8 1 11 28 
