49 15
8 14 12 32 4 1 1 28 9 10 7 4 10 10 5 
20 10 1 11 3 34 7 30 19 10 14 0 19 12 12 
2 5 2 1 1 17 0 12 5 13 2 1 23 11 13 
24 12 4 5 8 18 18 6 10 2 4 7 5 5 13 
8 10 10 0 2 4 26 24 12 7 7 30 6 20 33 
8 4 7 9 3 16 3 9 0 0 12 21 34 13 5 
4 3 2 34 9 0 1 2 5 3 16 9 9 11 1 
3 0 13 11 9 22 14 4 10 2 9 27 22 12 5 
7 6 1 6 7 7 27 11 32 12 4 9 29 9 10 
3 9 3 8 2 4 7 4 13 13 14 9 29 20 1 
0 23 7 12 10 5 3 12 26 1 0 14 12 13 8 
2 5 34 5 6 8 9 10 33 2 3 21 17 3 5 
22 13 1 0 3 5 8 15 29 9 3 5 33 3 4 
4 9 1 9 11 0 23 4 7 10 29 11 3 5 3 
6 2 4 2 0 23 5 7 30 9 8 10 21 24 3 
16 3 13 7 22 6 16 26 20 1 2 11 16 16 0 
30 6 0 14 29 1 8 12 8 13 5 8 14 32 5 
25 23 2 12 11 10 2 27 11 8 8 7 14 30 16 
12 6 13 9 0 2 13 13 12 9 26 12 0 0 5 
13 7 13 12 10 12 9 20 4 8 4 6 15 34 8 
4 29 14 2 13 8 2 1 7 33 11 0 13 10 4 
3 7 8 22 2 10 13 30 9 0 10 11 5 2 9 
10 12 3 11 13 4 13 29 28 1 6 12 5 13 3 
0 1 19 1 3 5 10 11 25 10 11 14 11 12 34 
4 8 12 2 13 12 1 25 1 0 2 10 28 7 1 
3 25 24 0 10 13 13 33 4 5 10 28 4 32 33 
5 21 10 34 2 11 10 1 1 13 2 33 5 22 5 
0 23 3 10 8 10 0 11 7 1 16 26 2 9 31 
4 10 12 11 10 29 11 5 6 1 23 34 8 22 7 
1 9 3 5 12 1 12 26 0 5 0 34 4 6 34 
25 3 8 7 28 8 12 12 10 4 8 16 11 1 9 
25 6 11 9 3 6 25 7 27 10 13 13 2 11 10 
9 5 1 25 8 11 11 11 12 12 1 12 32 8 6 
18 13 11 24 33 1 26 6 12 16 9 10 6 7 28 
33 10 0 13 8 13 9 25 12 8 21 1 23 3 9 
4 25 12 6 9 8 5 7 13 11 32 4 8 12 7 
8 9 24 18 5 1 17 5 10 28 2 6 1 3 5 
4 5 15 27 33 25 9 8 9 2 3 11 29 27 5 
27 0 5 6 7 4 25 6 2 13 29 6 2 11 9 
7 12 7 11 12 1 11 11 4 34 7 9 4 4 7 
12 25 1 1 1 0 33 9 26 4 9 19 1 34 1 
23 6 9 9 9 8 10 7 31 11 12 34 31 0 1 
11 6 6 10 2 11 7 10 0 0 12 12 11 11 4 
4 13 26 4 6 8 4 7 21 0 33 7 6 3 28 
13 18 16 27 2 13 4 14 24 23 12 2 1 1 3 
25 12 19 19 11 1 34 2 13 1 22 12 8 22 8 
13 4 31 1 6 31 1 21 10 6 14 12 12 34 16 
21 4 1 3 5 4 13 9 3 32 9 12 1 7 29 
1 28 6 11 29 0 21 26 5 13 9 6 0 21 34 
