50 50
3 9 8 13 8 31 8 6 3 11 32 15 14 3 5 27 10 1 8 1 8 34 17 11 7 2 2 1 11 12 11 8 2 0 5 8 8 14 1 21 33 0 11 6 11 12 13 9 8 5 
32 0 10 13 8 10 1 12 0 7 0 21 13 10 8 0 25 12 5 4 23 10 3 6 7 9 3 9 15 12 1 3 12 30 6 23 5 10 23 9 33 0 8 17 1 16 22 11 8 8 
18 3 10 0 12 33 0 4 3 13 25 29 9 2 9 8 7 5 5 6 5 3 11 3 5 21 6 22 1 20 4 11 22 5 5 32 30 2 8 0 1 3 5 13 11 22 32 0 8 6 
9 14 17 7 0 29 33 34 3 15 16 11 13 32 8 4 21 6 26 27 6 3 0 16 16 6 6 6 16 29 6 0 5 30 4 26 4 3 3 12 5 3 24 20 20 7 6 9 16 19 
9 2 7 26 11 6 9 9 22 2 16 10 8 30 13 3 25 22 34 10 0 9 2 9 3 8 0 8 31 1 21 28 3 1 5 11 3 3 31 6 22 6 7 2 7 12 6 12 6 11 
6 4 2 8 7 23 11 14 21 31 8 0 2 2 20 13 2 10 6 9 12 19 13 3 0 2 7 11 20 11 9 6 25 34 3 5 3 1 2 5 21 1 10 9 6 12 5 30 4 2 
5 10 28 27 6 7 31 9 3 17 6 4 28 8 0 9 9 16 8 6 9 13 3 2 29 30 8 10 8 6 10 26 3 6 4 6 10 16 0 28 4 10 12 14 6 4 0 1 5 20 
11 21 3 5 0 8 3 10 7 5 6 2 22 24 29 7 4 30 5 8 18 29 5 4 11 23 12 13 2 31 17 9 20 31 10 22 6 6 18 25 18 13 11 10 10 12 9 5 4 27 
0 3 25 1 11 6 6 5 2 3 5 13 13 1 0 34 21 14 1 8 23 4 3 0 12 3 12 4 4 0 2 32 18 12 23 7 0 11 1 18 3 7 13 13 3 24 1 8 20 3 
1 4 0 26 16 9 32 18 2 0 9 1 7 6 18 32 32 22 11 8 9 24 1 0 16 0 10 10 2 5 29 13 0 20 9 15 8 0 1 13 27 21 34 6 2 10 11 0 10 3 
30 9 2 1 3 3 24 6 5 26 7 11 26 13 0 7 13 25 16 7 11 22 4 16 17 4 25 1 28 21 5 13 12 23 12 0 16 10 5 13 2 7 13 11 10 11 22 22 18 31 
4 11 4 13 25 4 2 4 0 4 8 1 12 9 8 10 2 3 5 0 2 3 2 10 12 13 27 10 12 16 20 8 5 3 22 5 9 34 6 34 21 6 34 9 6 24 7 33 4 11 
9 4 12 18 16 15 10 1 20 24 1 17 8 4 5 3 31 9 2 2 4 13 1 4 20 7 0 26 10 5 7 6 24 10 5 9 34 10 24 25 3 5 13 11 13 2 10 1 28 3 
3 0 2 13 13 8 26 13 21 12 1 11 13 11 0 13 13 3 0 5 0 11 6 15 17 5 22 1 9 10 11 20 1 18 5 3 3 8 7 1 10 5 33 0 1 1 6 3 9 5 
6 0 7 7 0 5 5 10 24 6 8 7 2 22 5 5 1 2 6 4 2 0 4 6 13 8 6 1 2 23 8 19 29 10 31 21 26 8 12 6 6 13 4 10 5 11 27 10 2 7 
4 15 4 1 3 21 2 3 11 16 6 8 7 8 1 33 0 13 7 12 32 30 1 11 10 9 12 9 10 33 3 30 5 11 24 28 7 10 1 4 7 11 9 2 2 9 9 31 8 11 
7 7 30 4 8 5 3 4 9 13 15 3 4 31 6 6 2 2 16 28 0 13 0 1 31 10 9 14 5 9 1 2 13 8 33 1 26 20 29 8 4 1 18 2 0 13 1 9 3 9 
21 8 26 31 4 18 11 13 13 8 31 25 19 0 4 17 8 22 12 14 6 10 9 2 20 6 1 9 10 8 4 3 5 2 19 2 4 4 1 7 0 25 13 18 8 11 6 12 10 30 
6 2 5 1 2 11 4 2 12 12 5 1 21 7 31 2 21 28 15 10 10 2 26 16 24 2 13 7 3 2 3 10 5 3 2 11 4 11 5 19 8 4 11 4 7 11 9 24 0 3 
7 8 14 1 21 9 4 6 6 8 12 32 4 13 29 23 2 13 11 6 26 30 10 34 0 30 8 30 2 13 2 2 9 32 13 27 5 5 9 6 4 28 2 4 13 33 6 9 6 7 
6 13 0 9 8 6 32 4 1 28 13 2 0 9 33 4 6 6 9 4 34 0 3 9 0 17 4 33 2 4 18 12 15 10 18 8 9 7 1 12 13 30 25 9 8 2 29 4 13 12 
4 3 11 3 25 7 14 5 2 0 6 7 23 4 16 4 10 14 30 24 34 23 12 0 9 26 17 1 32 8 26 8 16 10 7 5 30 20 23 2 2 13 17 9 0 21 0 32 7 31 
13 3 9 0 7 12 13 7 4 6 11 9 11 30 12 9 10 32 15 12 1 25 5 11 13 5 21 0 12 7 1 8 6 19 9 6 20 22 33 9 10 5 2 1 28 27 12 9 25 0 
25 0 6 11 32 20 26 27 9 9 5 1 19 20 3 6 1 4 6 17 27 10 8 5 16 12 4 10 17 6 0 0 11 3 16 12 8 6 25 6 24 11 27 13 4 1 27 18 4 0 
6 12 0 6 8 10 11 1 3 8 2 4 26 13 1 27 3 10 5 6 2 34 12 1 3 15 7 7 5 0 13 5 10 10 7 0 11 0 28 13 33 11 12 22 6 8 13 33 14 30 
12 9 1 16 0 2 13 10 8 2 3 7 10 33 32 11 13 8 11 5 1 7 13 27 24 3 2 4 9 2 12 3 3 10 13 11 9 28 14 10 11 11 23 8 10 5 11 7 27 5 
1 17 5 32 30 5 6 2 9 13 5 12 1 9 5 13 7 26 4 0 24 11 11 12 12 12 9 12 9 0 1 8 30 12 9 31 10 12 18 6 13 12 10 11 1 18 9 9 14 10 
12 22 29 2 31 34 11 14 5 31 12 6 15 1 8 4 12 12 29 7 8 3 6 9 2 12 12 2 11 0 11 0 10 8 30 11 13 3 12 6 4 28 26 9 21 9 6 0 22 18 
8 6 0 6 6 4 5 0 7 18 10 11 9 31 9 0 11 11 11 9 15 3 11 32 20 4 10 10 16 9 6 4 21 11 13 4 4 10 11 5 6 14 11 5 3 10 9 8 21 2 
9 8 6 1 8 12 33 5 34 16 1 9 23 4 11 6 25 0 3 1 11 9 29 6 18 10 2 9 11 4 0 6 2 1 1 17 2 0 7 26 25 2 7 18 5 7 12 3 9 11 
4 6 4 9 12 2 5 0 0 29 6 12 9 16 6 6 4 17 16 4 7 0 11 9 4 14 4 26 12 19 8 24 13 28 0 28 12 11 24 0 3 1 9 11 29 0 30 3 14 34 
10 6 1 34 7 8 7 24 9 2 18 23 4 15 10 6 0 10 11 28 10 7 10 1 8 12 0 8 10 21 2 10 1 27 30 15 2 15 15 5 28 13 6 32 0 26 18 1 13 3 
2 11 30 6 3 29 0 31 9 10 11 29 2 11 13 8 8 12 6 23 9 12 13 10 13 5 4 21 28 9 9 2 2 28 3 12 11 13 8 3 11 6 30 3 5 5 24 6 28 2 
10 33 30 21 9 0 4 27 11 6 25 7 7 30 5 24 13 10 2 5 4 9 33 1 12 30 4 11 23 8 8 8 4 26 6 5 12 2 7 11 7 0 8 6 7 7 13 8 8 12 
0 3 0 2 3 1 8 0 2 3 11 6 30 8 11 23 18 9 6 15 8 10 1 10 8 8 5 0 3 10 29 9 10 5 7 7 18 34 10 5 2 24 13 12 11 23 11 15 17 11 
31 3 31 11 23 2 6 21 2 13 12 11 8 7 3 34 4 34 9 13 16 12 3 0 5 21 2 33 1 10 25 5 10 29 5 25 13 4 13 16 19 33 5 13 5 1 1 7 13 4 
24 4 28 2 0 16 7 25 16 6 33 19 14 9 11 34 8 0 17 32 30 22 7 5 9 16 23 10 5 0 2 7 0 13 2 3 22 2 13 29 26 13 28 11 19 27 6 8 3 3 
10 10 3 25 11 27 2 3 0 13 4 18 9 13 5 25 4 6 2 2 1 15 3 29 20 12 16 34 10 6 18 8 5 18 7 12 1 7 6 1 5 9 7 3 2 13 8 0 22 25 
0 6 3 3 19 18 5 4 3 11 28 8 28 3 11 30 1 3 6 7 9 19 5 15 30 0 2 2 9 17 26 4 4 5 1 6 3 1 30 13 23 10 5 34 29 4 6 0 2 5 
29 27 10 11 13 20 13 25 1 32 5 11 4 26 2 6 4 6 13 4 2 10 12 8 12 6 7 10 9 10 1 22 8 3 13 6 16 7 29 4 8 6 12 16 9 4 4 3 11 3 
12 24 1 28 11 6 18 11 34 4 3 4 10 32 8 14 4 4 12 13 13 9 24 16 3 7 1 3 12 2 2 0 2 5 28 7 10 9 32 5 12 2 11 4 12 13 8 10 11 32 
5 5 13 25 7 6 11 7 20 11 4 7 12 4 5 7 13 30 0 24 6 5 6 4 3 31 10 29 5 6 2 11 3 8 0 5 2 13 3 6 15 23 28 4 3 8 11 1 0 9 
34 2 28 5 10 13 0 9 1 10 29 1 12 1 2 10 11 13 0 5 9 30 6 13 11 2 15 3 11 12 13 0 8 11 1 22 3 9 8 3 2 24 2 26 11 27 3 10 30 5 
13 34 18 7 3 8 1 2 10 9 4 3 10 2 12 3 7 31 9 5 13 5 6 24 1 9 8 6 2 10 6 0 31 5 2 7 5 19 6 13 3 12 4 34 12 28 1 1 17 5 
2 1 32 20 7 2 5 31 13 4 18 23 13 20 9 3 13 4 5 15 3 7 8 11 33 2 12 9 4 5 2 12 2 12 6 5 6 9 9 16 3 12 12 27 24 11 1 7 7 11 
10 19 17 13 6 30 2 19 4 4 12 11 1 3 33 33 24 6 13 0 33 18 8 7 12 20 24 12 0 16 2 5 4 5 15 10 4 28 2 9 31 11 7 3 4 4 13 13 27 2 
12 27 8 18 11 0 20 8 19 11 9 11 4 11 9 33 1 3 0 11 28 0 12 8 2 0 22 32 8 12 19 4 11 9 2 8 18 13 1 7 4 8 1 3 7 13 8 21 3 31 
0 29 5 11 9 11 0 27 4 5 1 0 23 25 3 25 8 1 4 2 22 13 10 12 10 12 8 13 6 0 9 32 18 22 19 6 1 28 1 8 3 3 3 6 29 4 2 1 9 26 
21 10 34 10 8 13 9 30 11 34 9 13 3 6 27 8 18 1 10 12 10 8 8 16 9 26 1 11 5 22 7 15 6 1 28 17 6 7 1 7 10 1 12 33 9 18 8 6 4 8 
8 14 10 1 8 6 5 22 33 30 9 8 10 6 15 11 12 3 7 8 11 1 23 3 9 3 3 8 8 10 2 6 0 13 14 6 11 15 34 0 12 7 10 0 1 28 9 5 26 25 
