50 50
2 19 3 6 34 3 0 6 10 5 13 4 4 13 3 10 22 6 19 12 3 20 12 13 19 6 13 13 9 10 6 3 5 12 6 12 7 6 20 9 4 4 1 8 5 8 10 10 10 5 
28 1 6 7 17 2 0 8 13 12 11 32 19 21 11 4 4 1 7 1 6 7 3 9 11 4 7 13 13 12 34 12 3 22 3 8 7 9 19 5 16 6 20 1 6 2 16 29 18 19 
13 0 13 11 12 4 0 3 7 4 15 10 22 24 7 0 7 0 9 9 29 13 25 10 1 12 17 5 2 9 2 34 31 23 5 12 11 10 20 12 15 0 13 9 0 32 2 20 9 8 
26 17 10 1 18 13 1 12 10 13 9 9 12 25 9 9 7 16 1 20 24 10 3 8 10 29 13 18 11 34 8 10 0 34 0 7 11 26 12 16 4 13 12 10 1 6 10 4 8 9 
32 5 32 10 7 11 12 13 19 9 0 11 32 13 0 6 5 31 15 5 9 5 0 23 19 7 0 7 2 2 11 2 3 9 7 0 0 4 9 8 6 7 7 12 6 0 3 7 2 15 
2 18 8 4 9 26 11 13 8 6 9 2 10 10 2 1 8 9 11 11 9 8 8 9 5 3 32 10 9 6 4 0 3 0 12 27 13 6 6 21 1 1 12 4 11 31 6 6 13 11 
6 5 0 15 34 11 11 0 12 16 24 12 3 12 29 9 7 7 12 12 23 1 21 20 26 23 7 3 24 7 6 7 6 19 0 27 6 24 20 2 23 7 34 10 12 19 9 10 7 13 
18 4 10 10 4 7 19 5 3 33 6 13 5 8 7 29 4 8 11 8 15 4 9 12 9 13 3 0 3 11 6 4 13 0 6 0 6 3 7 26 0 12 11 1 8 27 0 1 6 0 
1 8 6 12 10 17 10 29 10 2 4 13 10 23 27 27 22 20 33 3 4 4 8 3 8 33 25 10 7 6 19 18 20 4 25 11 8 4 8 34 11 0 22 10 13 27 28 4 17 14 
4 14 29 3 4 13 15 0 13 8 34 12 3 34 5 10 2 9 5 27 16 25 34 8 6 24 25 3 13 5 11 3 11 8 33 9 13 10 11 6 11 20 2 0 0 5 0 21 10 3 
7 1 1 1 7 2 4 8 13 13 17 9 3 8 9 19 11 16 9 1 4 8 7 19 6 16 27 11 32 5 4 10 7 8 9 0 30 7 9 33 19 5 0 13 5 25 10 6 8 6 
13 16 5 2 17 16 8 13 13 7 12 4 18 7 3 29 11 1 10 5 14 6 20 18 15 2 30 27 10 0 9 12 26 6 8 13 2 10 9 11 4 13 12 5 4 2 13 10 7 30 
13 34 9 3 4 13 9 1 2 0 7 10 9 6 2 3 23 13 10 0 3 1 10 4 11 9 26 3 6 25 6 29 8 18 3 6 3 30 10 6 5 0 12 3 5 6 8 11 1 0 
34 9 10 27 1 32 20 0 21 17 11 20 15 1 22 20 4 15 3 11 11 11 5 3 7 5 5 32 7 12 7 15 24 5 13 5 2 21 34 13 9 3 2 10 5 1 2 12 23 12 
12 7 12 3 1 3 13 6 4 10 25 19 0 10 29 10 7 18 5 4 12 5 0 25 11 10 1 0 5 12 11 7 10 13 22 8 2 8 3 10 6 26 31 11 10 21 7 9 0 1 
8 9 30 10 5 11 0 5 2 23 3 3 10 1 28 9 12 0 4 11 1 32 13 30 20 6 10 32 4 34 30 9 6 33 12 11 9 20 1 11 13 24 24 3 8 4 7 21 21 3 
26 16 11 2 7 14 22 31 11 31 9 12 14 7 7 12 11 27 25 10 34 4 14 5 6 31 13 5 0 34 8 2 34 25 11 4 4 8 0 7 8 16 27 33 19 12 3 8 5 21 
2 4 5 10 18 13 29 1 21 9 27 10 9 13 8 9 4 5 13 2 20 10 1 0 1 13 12 6 9 4 11 18 3 3 10 2 18 28 3 10 12 1 10 9 22 12 22 28 1 23 
5 24 12 2 0 1 22 1 24 7 8 5 1 22 14 3 13 14 13 9 3 3 30 6 0 13 23 3 18 0 8 0 11 8 3 3 4 33 24 8 1 9 18 13 28 1 10 12 3 7 
34 22 12 10 9 9 19 24 2 4 5 7 13 23 9 9 21 24 7 3 7 27 12 11 1 4 24 0 18 32 6 5 29 10 7 10 0 12 0 12 29 15 2 6 7 1 16 8 28 0 
13 10 15 5 5 2 23 4 27 12 2 28 4 10 3 30 7 4 23 10 10 6 7 5 2 12 1 3 8 5 13 15 26 13 9 29 31 11 3 8 9 10 7 30 15 14 22 12 9 9 
4 13 31 1 8 9 6 2 9 11 20 31 7 13 0 18 21 7 11 2 0 6 0 20 13 1 10 13 1 5 12 6 13 29 0 17 4 13 5 8 5 23 18 3 24 0 14 24 9 15 
6 20 1 26 6 26 2 24 8 5 3 8 8 21 19 0 12 5 19 10 10 3 6 5 12 8 6 8 13 5 24 3 34 2 12 18 4 14 6 1 6 19 6 12 32 0 30 20 5 28 
16 10 17 13 1 4 8 8 31 13 5 0 17 23 12 8 8 10 3 16 0 25 3 5 13 3 0 16 7 3 12 4 12 2 28 3 2 4 13 13 13 11 0 11 1 6 10 12 4 12 
4 9 5 12 3 6 13 4 13 3 1 1 12 7 1 3 15 5 30 11 16 16 13 12 7 8 32 2 1 13 7 26 5 6 8 4 9 0 10 26 8 8 1 15 6 7 8 5 0 31 
1 4 22 5 13 3 10 5 16 11 4 2 29 8 11 1 3 2 0 3 6 12 23 3 11 30 3 26 10 13 0 28 5 25 6 6 3 6 3 3 6 8 12 2 6 10 9 2 13 0 
19 12 2 7 8 7 2 9 5 8 11 1 5 17 16 2 11 33 16 25 6 5 18 12 6 15 13 31 1 13 30 3 8 17 7 1 7 8 9 2 9 4 20 0 8 11 20 31 6 21 
34 28 6 10 8 28 12 11 27 16 29 6 10 1 8 10 1 7 5 30 17 8 11 0 9 6 2 4 1 12 10 19 11 5 13 5 19 13 2 31 17 11 4 0 33 9 11 8 9 9 
4 9 13 0 1 8 6 10 8 3 1 8 19 29 9 2 1 12 11 5 12 2 2 7 11 31 19 9 0 10 12 9 11 3 9 16 9 4 8 12 13 1 10 10 17 9 0 7 9 7 
11 3 11 14 8 5 0 2 7 22 9 26 22 6 6 6 13 18 0 30 21 1 20 5 11 27 5 6 1 12 4 3 9 3 3 3 13 34 11 8 21 10 4 5 5 13 33 2 8 0 
3 11 13 2 16 1 8 0 1 13 5 7 6 4 10 8 3 4 34 15 32 15 10 13 34 4 0 10 27 22 5 9 27 8 10 13 7 1 10 1 21 25 14 5 17 6 11 12 20 26 
28 8 7 6 6 24 27 23 10 15 1 11 34 8 12 0 1 7 0 9 1 4 2 9 3 14 33 26 25 31 26 9 3 11 10 8 8 1 26 8 11 12 3 32 11 22 10 4 0 14 
7 7 9 2 2 1 8 27 11 12 10 5 21 10 11 9 3 24 9 10 11 1 7 6 15 28 2 10 2 3 7 7 34 12 7 21 11 28 8 10 1 8 0 5 5 2 8 4 11 9 
5 3 5 15 13 25 9 10 8 4 30 8 13 13 31 1 25 6 0 3 12 3 6 32 13 33 6 29 26 7 13 7 9 6 1 31 31 2 13 3 8 11 25 11 9 0 19 10 31 13 
18 8 0 3 9 13 8 9 9 2 7 13 2 0 23 1 5 3 6 9 32 7 10 8 11 10 13 2 27 5 32 3 3 4 5 16 7 9 13 3 10 4 0 9 23 11 10 6 3 22 
13 19 14 20 16 31 12 12 13 4 0 11 1 4 4 28 32 2 11 10 2 11 27 1 13 24 5 9 18 10 4 7 6 22 30 5 33 3 7 3 11 0 23 5 3 29 8 9 6 11 
4 5 1 2 12 2 13 26 1 0 9 6 7 13 31 3 13 10 9 19 16 31 1 1 5 7 14 8 10 9 2 1 4 6 33 9 0 32 11 24 16 6 3 11 2 1 11 0 1 18 
9 7 18 2 1 10 3 3 33 7 34 8 11 2 3 15 13 14 11 5 33 0 16 27 13 2 10 0 8 8 12 7 5 18 1 10 7 5 6 2 19 4 13 30 5 9 9 31 9 16 
13 4 7 17 17 4 1 4 12 33 4 4 5 5 1 9 11 2 10 6 5 6 3 15 8 10 4 31 12 26 11 3 1 32 5 11 3 4 27 1 18 23 15 4 33 13 11 21 15 31 
0 6 3 9 5 13 1 1 13 5 8 2 10 8 30 8 11 1 25 18 26 9 21 12 9 0 13 0 2 12 0 1 2 13 31 10 34 5 12 27 13 8 31 10 14 8 19 5 7 12 
13 6 22 12 9 3 1 4 31 17 25 10 3 1 15 1 28 10 26 23 3 0 29 12 10 2 30 7 5 17 8 11 7 1 6 9 6 10 8 4 34 0 7 24 12 7 8 15 11 0 
4 3 8 13 31 14 9 3 0 21 9 2 3 4 7 12 6 12 6 13 4 18 24 29 5 3 0 9 23 23 10 13 3 9 0 10 5 29 15 29 1 13 13 7 0 3 6 13 10 10 
16 12 9 6 6 27 6 13 4 4 22 6 1 10 10 1 8 23 4 12 18 10 15 11 28 21 5 1 11 13 10 6 20 5 8 4 18 3 7 0 14 25 11 12 17 8 18 10 33 11 
1 5 18 4 3 33 2 7 10 32 14 31 5 25 4 28 3 1 16 13 1 8 10 30 12 10 12 21 15 0 18 34 32 30 1 28 6 10 5 28 5 9 5 9 9 13 8 10 2 9 
8 5 18 0 11 28 0 4 30 27 6 13 15 7 12 23 5 10 6 1 12 1 6 13 34 28 8 16 34 5 30 13 9 10 20 14 5 12 8 2 11 9 6 11 30 23 1 24 4 24 
6 2 11 26 26 21 25 4 3 27 1 5 10 17 23 2 0 7 17 14 12 12 20 0 28 33 7 10 4 6 5 19 22 17 7 6 3 22 4 9 7 17 13 0 7 2 6 4 6 9 
31 10 10 1 13 30 24 32 15 31 11 6 10 5 5 6 12 4 1 9 3 12 1 8 2 2 7 4 0 7 9 7 1 6 1 2 6 3 25 2 0 33 9 13 24 23 1 21 31 0 
7 7 3 11 7 8 4 4 9 15 30 8 13 1 24 3 1 25 30 0 0 5 1 20 0 26 4 9 4 1 5 9 12 2 1 32 8 12 25 3 33 20 13 9 3 6 7 31 9 16 
10 30 5 28 13 0 30 5 8 4 16 11 12 22 13 5 2 2 0 12 12 1 5 1 29 19 9 15 4 24 12 7 20 2 4 16 0 13 10 3 1 3 7 3 15 4 7 27 6 2 
7 8 9 16 13 20 33 34 11 5 10 12 23 34 32 28 6 5 8 27 3 3 17 3 8 8 16 23 24 9 8 32 7 11 29 30 9 14 17 8 4 18 0 17 12 13 12 12 11 27 
