50 50
2 24 5 6 33 29 6 13 24 12 10 7 7 1 10 1 11 5 4 12 14 7 1 11 3 15 9 16 6 34 8 2 0 5 13 31 11 10 9 28 6 0 3 13 7 12 1 34 12 7 
27 5 31 13 1 3 7 34 5 3 33 5 12 8 9 20 16 9 34 2 30 3 9 9 0 8 6 12 1 8 16 9 0 18 29 12 18 6 21 18 11 10 10 12 10 3 7 2 6 4 
1 5 8 13 0 11 7 2 7 15 6 32 17 2 9 2 3 33 2 32 4 7 8 25 15 7 30 6 25 30 7 11 2 13 7 3 13 11 0 0 9 11 11 11 3 10 26 7 12 12 
12 21 9 28 5 8 27 0 4 8 3 20 5 8 9 9 31 4 21 11 5 3 8 4 6 5 9 30 12 5 1 0 26 8 6 8 3 9 11 9 10 19 0 7 16 1 3 12 11 4 
12 19 9 12 8 8 4 0 7 7 3 10 9 9 1 16 28 8 0 24 34 12 0 6 7 7 11 6 14 8 2 1 6 12 8 11 16 25 7 2 23 1 20 8 19 4 1 1 11 9 
1 9 0 11 12 3 11 9 23 11 18 7 0 1 12 3 11 10 6 12 11 7 28 8 12 9 11 5 11 21 21 6 5 21 6 7 3 11 0 10 10 12 6 28 12 7 11 0 21 13 
9 15 10 10 10 6 10 1 10 5 15 1 13 12 11 24 1 23 9 4 28 6 17 13 17 7 25 11 23 28 1 22 4 0 3 6 32 0 9 10 8 6 15 2 13 0 34 6 7 33 
12 11 2 9 12 13 1 12 10 12 0 5 15 5 13 4 15 1 16 33 17 0 19 9 8 8 13 25 20 1 1 5 14 3 33 18 4 0 6 8 9 12 0 2 13 30 17 32 1 13 
13 20 25 7 7 25 5 8 13 13 8 8 10 12 15 0 17 28 8 10 9 27 0 2 8 23 25 7 2 33 11 32 32 7 7 16 6 19 8 7 11 31 5 21 4 8 4 5 0 6 
13 12 7 2 12 1 13 3 12 34 6 33 9 3 5 2 27 14 10 5 5 12 12 11 2 13 10 1 9 34 1 9 0 5 8 13 25 16 14 12 13 23 28 6 23 13 9 1 8 21 
13 33 12 14 1 4 3 14 10 9 19 13 12 12 7 18 11 10 8 26 7 1 0 4 8 2 31 5 0 13 28 4 6 0 16 2 26 5 8 17 1 0 7 28 32 4 2 18 10 1 
9 8 7 28 12 12 14 8 7 0 1 25 3 13 2 2 13 4 1 34 10 12 32 19 0 12 7 20 9 0 1 33 4 0 34 9 5 3 9 3 0 26 23 4 13 2 23 11 12 1 
1 5 13 4 3 12 5 4 2 11 25 4 11 13 2 2 10 0 0 3 1 3 10 13 11 7 4 6 4 4 1 10 10 6 6 5 26 7 2 11 7 9 16 1 1 0 26 17 6 11 
13 22 7 5 25 12 28 2 1 16 12 15 3 34 9 24 20 30 13 33 32 2 5 1 6 2 0 10 27 4 8 8 9 10 13 2 15 19 7 27 8 30 28 17 6 11 29 13 21 4 
5 11 9 1 9 1 0 8 10 7 13 5 1 34 22 9 11 22 3 7 6 13 3 8 2 7 0 9 7 7 13 6 9 0 7 13 0 10 0 13 4 3 13 5 9 1 5 0 14 5 
7 33 2 5 11 15 18 6 11 16 6 0 2 14 3 0 33 13 1 11 28 3 3 28 1 5 15 7 5 34 11 9 26 23 12 25 13 11 3 13 5 10 5 3 3 11 14 1 12 8 
16 12 13 4 14 9 8 7 10 7 0 9 12 33 5 23 6 2 9 29 13 6 32 19 13 12 1 13 7 17 9 17 2 2 7 5 8 11 26 0 2 25 4 24 11 16 11 11 12 16 
6 9 5 26 11 19 13 6 8 6 8 9 3 17 27 22 10 25 5 9 26 31 3 21 12 30 6 13 34 10 24 3 13 8 9 4 1 2 13 18 0 5 4 9 3 5 27 10 5 12 
3 19 1 29 7 12 7 27 24 4 29 9 10 4 3 0 2 8 13 0 3 34 26 8 13 4 12 34 5 30 8 3 2 4 26 2 13 1 7 1 11 9 12 3 18 11 3 9 0 27 
9 27 12 17 7 29 14 4 17 13 8 20 15 18 7 2 21 3 14 1 2 33 9 5 12 2 5 0 4 7 8 6 31 4 5 27 31 12 11 20 16 8 13 2 6 13 11 3 8 22 
2 9 12 3 21 4 12 13 28 33 4 4 28 0 9 11 31 7 7 0 9 2 7 0 23 25 12 4 2 9 1 27 5 8 2 0 8 0 5 3 3 11 3 5 16 13 10 2 10 4 
0 5 9 10 0 14 10 21 1 4 18 6 5 17 6 3 4 5 10 4 9 20 1 25 9 4 15 8 13 30 10 7 10 7 9 9 9 4 11 24 2 27 11 14 2 22 23 26 5 11 
23 25 1 0 7 4 0 13 7 13 3 16 12 12 1 22 17 8 7 2 0 10 30 0 1 6 13 34 0 2 5 3 11 2 6 16 8 8 0 24 25 20 13 30 0 12 22 17 1 9 
8 6 11 4 7 5 4 2 20 5 12 13 27 6 1 11 7 8 10 32 15 2 12 7 2 5 23 2 13 13 33 10 9 6 11 4 9 30 9 18 17 2 5 2 2 5 11 4 22 32 
8 10 11 2 19 9 2 20 33 13 6 34 5 2 6 30 9 3 12 16 8 20 5 9 6 5 4 0 4 4 11 11 1 13 5 11 11 0 30 10 23 3 26 21 25 10 3 21 13 13 
7 21 13 0 2 14 8 2 12 15 16 6 11 5 4 10 10 0 5 14 30 10 21 25 3 12 8 8 0 3 15 27 20 0 11 5 5 13 10 4 11 0 5 1 30 11 21 7 4 7 
2 0 5 29 13 13 17 3 28 1 14 9 18 12 0 8 6 12 31 9 0 6 4 17 20 19 18 2 4 2 18 30 12 21 9 29 32 13 13 28 17 10 3 10 0 17 0 12 17 5 
1 0 2 1 6 1 7 29 12 8 12 1 10 9 20 2 10 3 5 20 32 12 0 1 9 6 14 1 5 5 4 0 23 16 9 7 7 2 5 8 4 13 12 4 10 28 8 5 25 0 
11 0 1 1 17 28 10 29 11 5 8 12 15 2 8 3 21 28 4 13 8 6 2 15 25 4 1 7 12 6 12 0 15 3 16 11 1 32 11 14 28 5 9 8 5 3 12 1 11 2 
11 21 6 3 32 3 30 9 12 3 4 7 0 5 0 16 14 11 0 11 6 6 13 20 10 13 13 9 11 3 9 12 4 24 4 15 26 20 31 21 1 0 12 1 1 4 12 11 3 1 
25 22 12 11 4 34 7 5 15 11 6 5 3 20 13 8 0 2 0 29 24 5 34 17 8 13 5 12 5 2 8 7 11 14 26 14 6 11 6 22 22 11 11 0 25 2 2 13 1 13 
7 3 10 11 17 34 11 4 12 14 8 13 11 1 1 7 4 25 14 10 5 26 21 5 18 7 1 5 0 7 9 7 11 32 10 9 6 8 13 7 29 6 1 7 2 28 1 3 12 15 
6 1 12 19 3 3 9 33 18 12 8 6 2 0 1 11 11 28 0 0 7 11 3 8 4 11 24 11 5 31 5 4 5 5 7 23 0 2 7 33 2 12 6 5 5 4 26 6 4 6 
10 12 10 9 32 4 3 3 12 11 11 15 8 1 9 5 24 13 5 10 7 10 14 3 14 9 5 12 14 0 5 3 32 7 15 4 3 17 5 23 13 6 0 11 5 3 16 0 11 0 
22 29 6 13 7 10 0 1 4 10 32 10 14 10 2 10 20 30 26 11 7 26 21 2 8 1 2 5 11 2 13 7 10 1 6 7 0 13 11 1 7 26 11 10 13 3 7 10 2 11 
20 6 2 32 1 10 28 10 5 12 25 8 12 7 21 17 7 29 9 0 12 4 13 3 4 9 10 5 17 17 29 30 19 4 7 9 12 3 5 6 9 32 2 0 0 8 25 14 10 11 
26 9 2 9 12 12 8 33 0 12 17 9 10 6 2 11 5 3 29 12 0 10 6 33 34 9 0 3 25 13 11 3 8 2 7 4 0 0 9 6 22 13 12 21 0 4 1 5 3 13 
2 2 30 9 5 2 2 8 11 4 13 0 6 5 26 33 0 4 11 1 16 7 5 10 5 17 0 29 11 3 12 29 12 6 10 12 8 19 5 5 5 5 2 1 32 24 30 10 9 13 
5 8 12 32 1 3 10 0 1 10 18 7 8 5 11 2 11 6 2 12 29 12 9 20 7 29 0 24 2 10 5 20 3 0 10 22 24 27 23 30 31 18 9 2 9 5 31 6 7 11 
8 1 8 6 10 6 0 1 13 1 0 11 8 1 20 25 18 2 12 27 12 0 10 18 22 9 13 8 11 3 0 11 17 0 12 10 2 13 8 10 26 8 3 16 12 12 12 2 7 6 
4 13 32 13 19 28 1 13 15 6 8 3 0 4 4 12 5 6 7 9 8 10 9 29 28 25 11 11 3 6 11 3 33 8 9 7 7 6 18 25 10 8 11 7 6 3 0 8 2 6 
13 13 0 6 7 9 29 31 1 9 16 26 4 8 22 5 11 13 10 2 2 19 5 15 8 10 12 10 4 3 17 6 1 7 0 24 19 12 25 5 2 4 12 0 18 3 5 5 2 14 
2 1 0 2 9 13 14 33 10 7 10 19 21 3 0 28 23 6 3 0 7 19 6 4 2 11 25 27 33 1 10 29 16 13 12 26 5 6 3 3 12 5 22 1 4 19 21 9 0 2 
7 12 10 0 13 2 3 1 13 12 9 3 9 5 13 2 1 9 5 11 19 19 13 10 10 5 7 9 9 15 12 2 1 4 5 10 3 29 2 2 1 7 8 8 12 2 9 6 11 32 
10 33 0 6 9 7 33 25 12 18 0 7 12 34 9 13 0 8 26 10 7 6 12 6 1 2 20 8 2 30 21 3 2 9 0 6 26 3 13 17 0 2 3 7 4 11 25 7 16 3 
7 14 28 5 12 0 9 11 25 12 13 21 8 11 7 8 8 7 13 13 4 15 11 4 7 9 29 9 7 2 21 21 1 1 18 1 33 9 15 3 17 17 1 6 6 2 0 11 4 1 
10 12 7 21 9 8 6 2 33 12 0 0 4 27 5 5 3 30 3 0 13 0 12 19 14 23 19 28 13 11 8 15 6 25 14 2 13 20 12 32 0 6 7 6 5 30 10 13 15 1 
1 10 16 20 20 10 9 7 14 13 28 10 31 13 34 9 2 9 6 11 16 5 0 9 15 8 8 6 7 4 2 5 2 22 13 33 19 25 18 11 1 3 5 32 12 33 11 33 2 31 
11 7 2 11 1 0 25 28 13 31 2 8 0 7 10 5 11 16 12 20 13 1 4 1 5 10 9 7 6 0 13 6 11 31 5 6 1 4 2 21 8 34 9 3 21 10 6 12 25 8 
26 11 3 10 28 16 5 16 5 9 11 8 0 0 11 34 10 2 32 21 14 5 7 6 3 1 5 26 20 10 10 5 13 3 9 11 6 3 2 7 11 6 9 11 5 10 21 11 6 34 
