50 50
6 27 7 6 12 7 4 1 13 25 22 7 10 5 11 8 10 16 7 24 0 2 32 20 1 0 23 4 19 3 0 12 18 2 22 21 13 6 8 9 12 31 2 2 13 5 0 28 0 12 
34 4 14 3 11 29 5 0 10 10 8 1 12 11 11 5 11 33 0 21 9 12 11 29 5 1 8 25 27 15 20 10 24 8 10 5 10 21 26 5 0 2 0 4 10 9 13 10 11 5 
0 31 5 20 10 7 7 3 2 10 33 3 6 7 3 9 10 1 0 9 3 8 0 10 5 12 12 15 6 13 5 5 4 9 21 7 5 18 3 10 5 6 33 8 2 10 13 3 7 2 
0 21 5 11 5 0 9 21 6 0 14 32 21 11 11 22 6 13 4 8 1 5 19 4 10 13 8 10 0 6 4 7 8 1 5 8 2 11 10 15 7 11 4 17 0 19 13 10 5 4 
0 13 7 2 7 0 11 11 7 7 7 10 8 0 2 8 18 28 8 10 17 5 11 34 10 23 13 0 34 1 28 13 7 8 0 8 18 1 12 23 3 0 13 8 5 2 8 25 2 3 
2 23 4 24 26 16 9 13 2 15 7 32 5 7 9 21 27 8 1 11 0 8 6 11 6 26 7 8 19 2 0 6 18 3 13 21 24 33 10 22 23 32 12 1 4 31 5 11 7 2 
11 4 24 24 18 13 3 3 8 19 6 7 22 6 16 2 10 7 9 13 7 2 0 2 4 4 7 31 23 9 2 6 8 0 6 10 13 15 34 12 9 13 34 22 5 6 14 11 18 1 
5 26 11 1 11 2 30 32 9 8 25 7 11 32 5 17 20 4 0 13 20 29 3 29 7 12 11 5 15 3 28 9 4 33 13 1 28 3 0 3 6 3 14 29 34 6 9 3 16 17 
1 32 2 7 3 3 14 7 28 0 9 1 5 2 11 10 2 7 1 12 3 6 13 6 11 23 11 21 2 1 31 7 9 2 2 10 11 3 31 3 6 11 19 0 30 11 11 21 5 12 
8 8 2 8 20 0 5 4 5 4 2 10 1 25 17 4 15 2 5 10 8 2 10 28 3 1 4 13 7 6 3 24 10 12 30 2 7 2 11 6 19 29 0 5 2 4 28 9 3 2 
2 13 3 7 5 0 33 7 26 1 23 3 6 32 16 13 8 7 9 32 17 9 32 30 3 3 9 28 2 10 30 3 12 0 11 8 17 9 22 21 27 9 7 13 9 2 3 0 1 0 
28 24 1 11 11 12 7 24 13 3 1 7 4 3 8 0 3 8 34 9 5 11 27 15 6 4 4 6 3 9 13 32 12 10 1 14 5 0 3 1 4 2 6 13 2 15 8 31 6 27 
19 4 21 9 2 5 3 29 7 6 20 3 12 2 27 11 15 29 12 21 33 12 7 4 8 24 11 24 8 0 4 7 8 0 1 10 24 6 10 13 0 21 10 25 24 7 6 0 24 3 
0 2 27 19 5 11 3 16 18 6 2 12 17 30 33 1 34 4 20 11 8 6 15 12 11 8 1 3 9 9 1 32 8 1 21 2 12 1 3 3 5 8 2 3 19 5 13 10 23 19 
9 5 3 6 22 17 12 32 13 2 9 3 15 12 6 8 20 1 9 15 10 28 10 4 0 4 18 13 10 2 7 13 33 8 11 13 33 7 13 13 9 7 2 1 7 2 17 14 7 12 
8 7 10 21 4 26 6 10 3 5 31 1 0 0 8 2 11 26 13 27 31 8 29 9 1 7 13 21 5 9 2 26 13 26 5 6 6 0 7 5 10 12 13 0 1 7 4 1 5 5 
12 2 13 5 9 5 6 19 6 9 4 23 13 8 12 15 5 3 1 10 18 3 25 31 2 10 6 8 11 24 13 12 2 10 21 0 10 7 0 0 8 10 13 0 7 4 15 11 6 11 
2 14 10 5 7 9 6 11 0 6 5 25 5 13 1 0 4 33 3 12 10 13 1 9 11 24 12 1 27 7 31 17 13 26 4 13 10 13 14 32 20 6 8 5 21 9 2 7 12 2 
10 21 15 7 13 12 10 6 30 4 1 4 5 2 7 4 11 34 2 1 11 12 7 10 5 34 1 19 1 3 11 7 9 6 5 11 5 31 0 12 2 1 4 3 5 4 3 14 1 1 
11 3 10 1 22 16 6 1 5 13 12 15 7 4 10 8 6 34 5 3 5 12 26 3 2 24 8 8 1 9 26 11 1 6 3 26 18 22 0 2 19 13 7 4 3 3 3 11 10 22 
2 12 6 13 25 20 13 0 32 8 1 1 3 18 28 3 9 26 24 11 11 19 4 4 0 9 3 6 8 10 12 27 8 3 16 21 12 20 8 10 24 4 7 11 9 32 5 10 9 1 
18 2 8 30 14 12 22 5 9 4 24 4 0 1 6 12 1 8 4 9 21 1 28 14 29 2 10 11 11 6 6 14 23 28 32 28 4 3 3 28 7 2 9 0 24 3 32 34 3 0 
10 19 12 22 9 16 2 0 10 4 31 5 8 11 22 0 11 2 12 21 0 3 5 8 13 8 10 16 32 3 13 8 28 1 12 2 28 2 16 12 0 12 11 9 32 25 18 33 0 8 
7 11 10 8 8 3 34 12 1 9 9 1 8 18 8 5 7 11 9 12 27 7 17 4 1 8 3 31 1 5 11 25 28 7 13 5 30 23 4 30 1 5 1 20 11 18 5 6 8 24 
4 11 6 17 9 3 7 8 11 9 11 5 7 24 11 30 9 0 4 5 0 4 32 4 13 17 1 6 12 7 18 3 14 3 2 2 18 5 8 14 6 6 2 0 18 13 9 0 1 11 
8 12 3 4 7 32 9 0 2 20 15 30 0 8 25 3 7 2 12 3 1 16 20 28 3 15 10 17 0 10 11 9 6 6 1 25 7 31 19 6 3 5 7 16 30 12 20 29 1 9 
13 17 5 12 11 34 1 2 3 3 26 8 8 2 27 0 9 3 3 2 16 19 7 7 13 1 24 8 12 13 7 20 34 0 32 1 8 0 10 9 30 10 11 13 0 4 3 1 12 26 
3 16 3 0 28 10 6 0 2 12 18 9 30 7 5 22 5 0 6 7 0 5 6 13 4 2 12 9 33 2 6 13 28 12 10 21 1 1 0 7 12 0 4 0 13 5 10 4 7 7 
1 12 7 11 13 7 11 3 8 13 27 4 11 5 31 7 2 26 5 6 13 31 6 7 6 23 5 12 4 2 18 32 4 5 6 10 33 25 3 12 8 3 9 7 10 3 3 19 13 10 
11 11 15 19 9 13 7 7 14 21 3 27 12 8 6 11 10 2 5 4 7 20 11 27 5 10 11 13 5 30 10 26 9 27 5 7 32 11 10 13 0 11 21 8 18 7 11 9 8 25 
18 4 3 2 12 5 4 17 27 4 2 8 33 3 8 19 6 6 1 9 8 6 0 6 14 15 17 6 3 12 11 2 4 0 2 24 30 24 31 7 6 0 11 30 13 4 18 6 8 11 
29 31 10 6 10 0 0 0 8 6 18 9 3 7 20 2 5 8 13 1 6 6 5 11 12 12 10 10 2 8 6 5 31 19 1 7 16 19 10 21 9 4 5 8 16 1 11 1 0 12 
18 12 1 3 13 5 20 31 2 9 33 3 5 10 24 8 5 7 29 1 9 33 3 12 3 7 9 0 10 0 3 13 6 18 12 27 22 13 30 12 6 5 13 7 12 5 4 13 20 5 
7 7 9 16 2 26 0 1 2 3 13 13 2 3 29 1 0 0 0 9 25 8 5 21 2 26 12 2 11 15 5 17 31 5 7 0 11 8 24 4 10 6 6 6 10 2 18 0 8 0 
13 2 3 6 0 10 4 9 5 29 28 10 12 7 1 21 4 21 6 27 3 12 24 11 33 8 8 0 10 10 33 7 1 7 11 0 31 11 22 1 24 2 5 2 8 8 14 12 9 3 
10 12 1 4 13 32 13 12 2 8 5 6 11 31 11 5 8 13 3 7 3 0 4 12 6 10 1 6 17 1 22 0 11 14 6 13 9 10 9 18 2 5 6 5 0 0 1 24 12 25 
17 4 9 25 11 9 14 31 0 7 2 7 12 24 16 30 11 9 4 8 1 8 2 24 22 14 12 23 5 34 18 11 13 24 11 4 9 21 0 11 30 4 5 4 3 26 7 3 2 31 
5 0 4 4 9 4 30 11 3 2 8 0 34 27 6 9 0 12 25 0 30 12 8 1 0 11 0 2 12 9 18 5 5 23 19 9 30 25 13 0 4 3 8 11 7 19 12 13 11 0 
5 8 4 1 3 2 12 12 5 2 5 16 0 7 5 6 31 10 8 4 6 11 0 19 29 6 12 5 20 26 3 2 11 1 11 2 18 8 5 4 8 25 11 9 5 10 5 7 21 11 
7 8 2 16 0 7 18 14 13 18 23 2 9 15 11 3 12 4 4 1 4 0 26 30 18 4 13 8 7 31 2 8 26 9 0 5 8 33 4 2 13 1 26 6 13 10 31 6 3 5 
12 13 12 14 1 19 18 7 1 10 13 4 9 29 15 9 20 10 11 29 1 20 32 8 3 13 12 18 4 11 12 7 6 32 8 1 3 11 3 9 34 33 9 9 3 3 12 7 12 9 
13 7 9 22 12 4 26 5 24 11 16 0 7 4 10 17 19 13 31 0 20 23 13 7 22 33 1 11 10 0 32 0 12 3 6 11 9 0 28 1 27 10 31 1 1 21 7 3 5 12 
12 8 13 1 2 0 28 8 1 6 31 7 13 11 9 31 10 4 12 2 1 3 3 0 3 6 2 8 30 11 34 11 12 11 0 3 13 19 8 7 12 22 15 0 11 5 27 6 3 33 
29 1 1 9 34 8 13 10 1 31 16 9 6 4 6 34 13 9 33 11 28 13 6 3 7 1 4 1 1 2 2 13 12 12 3 10 16 0 4 30 30 12 2 10 8 1 4 9 15 5 
32 12 33 13 29 6 13 24 19 3 25 12 31 9 6 1 10 2 9 7 2 7 12 22 16 29 3 25 2 24 3 6 10 32 10 14 5 12 15 5 7 0 2 22 0 5 1 15 27 1 
2 9 4 10 18 11 0 3 25 0 33 13 33 32 3 7 6 5 33 12 31 17 9 6 4 0 6 4 5 3 9 0 6 8 27 4 17 1 1 8 7 17 11 6 13 26 3 13 12 1 
26 13 3 19 1 1 9 30 1 24 5 29 2 7 12 11 10 8 3 12 25 11 19 8 4 1 29 3 1 4 9 2 2 4 4 2 10 4 12 19 26 10 11 26 13 3 12 12 2 13 
20 3 3 6 8 12 3 10 8 21 18 9 6 3 13 7 32 3 3 13 13 4 29 19 12 2 21 11 15 8 0 15 13 8 13 7 0 8 18 10 6 11 3 2 10 6 8 1 7 10 
24 1 5 2 30 15 3 12 28 11 1 31 4 4 18 30 1 21 0 11 32 33 33 1 9 31 10 6 3 10 8 27 0 5 15 4 12 23 8 1 11 7 9 4 17 6 7 25 7 9 
3 8 11 9 12 2 1 4 4 21 13 8 34 6 4 6 1 3 8 0 16 13 8 0 3 28 6 25 8 13 10 2 1 20 5 5 12 2 11 32 14 8 3 1 34 22 19 18 11 28 
