50 50
4 33 23 3 5 3 1 7 4 15 6 1 8 20 13 1 10 11 5 5 3 8 0 1 12 2 27 19 31 3 19 8 6 8 13 0 0 13 12 20 11 6 7 25 11 12 3 11 9 31 
32 11 12 25 4 6 10 1 5 29 2 17 8 2 22 8 10 30 15 10 20 2 5 29 8 7 0 0 8 2 0 6 8 13 12 7 3 8 24 10 2 0 6 8 5 4 12 0 12 3 
5 8 3 2 0 31 20 32 22 34 8 9 28 3 7 7 7 5 0 16 12 9 28 32 10 10 10 18 27 2 13 3 6 32 3 0 25 18 13 11 1 8 15 1 14 7 0 8 4 29 
7 8 3 4 27 27 7 1 13 0 32 5 5 6 2 1 25 0 4 4 31 27 14 8 3 2 32 11 0 6 4 11 5 2 7 34 25 25 2 11 27 10 6 2 3 16 8 10 22 11 
17 13 0 13 10 1 4 10 5 8 6 7 24 26 29 3 11 1 10 10 5 8 21 13 2 1 10 1 27 28 10 9 29 5 13 8 12 12 23 11 20 3 4 6 21 6 5 31 23 11 
3 4 7 9 0 9 0 6 8 33 1 6 24 26 8 6 8 12 6 2 6 6 3 1 28 30 15 5 3 11 10 21 9 10 2 11 6 7 10 5 6 4 4 10 12 5 14 13 14 1 
7 8 1 5 5 0 6 31 0 7 0 6 3 4 0 24 5 0 25 5 16 9 5 8 28 11 11 4 2 1 27 10 17 13 24 20 7 11 5 12 3 22 18 12 2 4 12 3 5 23 
9 6 6 30 2 2 11 12 8 18 28 13 12 1 3 5 8 27 12 6 13 29 11 9 10 4 10 13 13 2 25 6 23 0 0 8 29 8 12 7 32 3 11 9 4 7 9 0 6 4 
15 28 0 14 2 1 4 9 28 13 5 13 15 7 8 23 23 5 8 7 24 1 7 13 0 4 18 1 30 0 12 33 13 6 5 9 25 4 11 9 9 9 2 4 4 13 31 1 13 11 
3 8 24 1 9 34 6 9 33 23 12 5 6 4 9 0 13 2 7 12 11 27 7 3 26 2 5 13 13 20 13 9 7 19 32 26 20 1 2 4 4 0 6 13 5 31 18 10 14 3 
18 3 11 26 12 8 9 6 1 26 7 34 6 0 0 10 32 9 7 1 26 3 0 7 11 5 7 13 33 2 2 12 11 4 29 12 4 0 6 2 13 21 34 12 23 31 10 15 23 34 
2 11 0 17 2 5 4 30 13 4 9 11 2 2 13 11 22 5 2 5 24 1 0 8 17 4 1 0 13 9 11 7 2 9 31 0 5 13 10 12 8 9 7 13 9 19 19 13 9 34 
22 31 3 10 11 12 11 2 7 4 18 7 8 34 26 13 16 4 8 18 13 12 17 9 11 12 6 3 4 1 4 34 6 33 6 4 2 6 34 8 33 21 20 18 7 4 9 8 0 6 
13 32 12 2 12 10 33 20 1 16 10 20 11 10 6 3 9 9 2 25 3 3 34 2 12 4 10 11 8 2 13 2 31 14 6 8 31 21 5 11 0 8 13 26 6 7 9 26 6 2 
3 10 2 10 7 28 12 10 12 12 24 6 22 21 30 6 7 13 21 5 25 4 17 13 13 2 1 8 12 27 13 21 10 10 13 2 9 13 31 9 2 0 4 10 12 7 1 33 9 3 
6 6 9 20 3 4 9 3 13 13 30 0 3 4 16 20 7 4 5 9 3 0 0 28 7 7 7 4 3 12 2 4 1 7 9 6 2 13 3 2 12 6 6 2 10 2 7 12 1 2 
10 9 2 34 3 3 25 9 10 13 16 6 13 13 13 2 20 11 8 29 8 30 12 5 10 4 8 19 3 0 9 23 7 14 5 18 10 12 0 10 2 7 29 4 5 30 3 0 8 5 
3 11 10 15 5 9 27 1 2 32 32 12 16 8 6 11 13 5 4 7 2 9 5 6 22 10 3 13 29 16 5 22 3 5 17 4 9 27 9 11 3 3 0 2 13 11 27 3 31 10 
16 9 7 0 21 10 1 17 10 22 11 6 6 14 6 12 3 9 4 34 4 3 28 7 24 3 7 10 1 21 8 15 9 21 12 3 6 11 0 22 2 20 32 2 4 16 4 10 11 26 
8 26 7 5 29 5 10 13 23 10 0 13 29 26 30 33 16 6 6 5 1 7 1 6 32 4 4 6 9 3 4 12 13 8 13 7 4 21 5 5 17 2 4 10 5 13 25 3 3 5 
4 4 34 26 32 12 9 9 1 23 26 8 5 31 4 16 6 15 9 5 6 13 1 1 31 11 12 16 13 4 2 5 17 24 12 29 17 32 25 32 1 15 24 9 2 9 6 19 7 26 
6 0 0 2 19 5 12 0 8 14 2 3 28 16 2 34 10 13 1 10 19 2 13 11 11 13 12 11 7 14 8 6 6 33 3 30 6 20 8 6 8 12 1 20 5 7 4 8 29 1 
13 32 12 5 10 7 5 6 13 12 5 17 8 0 12 20 1 21 1 13 8 8 10 34 29 8 7 11 11 2 7 28 19 8 14 9 8 21 22 9 7 15 13 15 2 5 29 4 10 4 
34 6 11 4 8 2 23 2 12 24 3 14 0 12 6 1 15 9 0 9 26 7 2 8 13 11 3 3 15 4 10 16 4 9 7 6 4 23 23 12 12 33 1 4 5 24 4 4 32 4 
2 32 11 16 11 21 10 13 4 0 10 26 9 27 29 19 5 0 6 5 22 1 3 5 5 8 7 25 13 10 1 8 8 7 3 8 23 12 16 5 0 7 25 22 5 25 12 4 33 13 
33 1 23 33 13 3 26 34 11 8 10 7 5 10 3 0 0 23 5 3 10 5 4 14 11 29 6 12 8 10 0 2 0 6 0 32 20 5 7 11 1 4 7 3 17 12 1 7 3 12 
11 12 22 5 16 0 8 3 11 3 11 29 2 2 2 23 12 12 9 25 6 11 3 10 11 31 7 34 27 1 16 3 1 10 4 0 6 21 4 4 8 6 4 12 14 3 0 27 11 3 
5 32 10 10 9 28 26 8 4 32 15 3 4 5 3 11 12 11 2 31 12 11 17 8 8 12 10 4 32 10 11 4 32 2 32 7 8 2 3 11 30 2 11 1 27 1 2 21 10 22 
1 4 5 12 17 12 2 33 5 11 5 8 28 10 2 7 22 0 26 14 7 17 9 13 13 5 1 8 20 10 6 1 6 29 5 2 13 27 31 12 21 6 10 3 5 13 3 3 10 0 
9 30 6 0 2 13 7 34 6 11 32 4 26 15 25 9 19 7 2 0 4 12 11 5 13 7 2 7 8 0 1 0 2 9 12 31 5 3 1 1 31 11 5 2 6 16 10 7 9 12 
0 15 6 10 12 13 8 3 7 11 5 7 9 20 31 10 3 10 1 3 13 2 10 2 31 3 4 25 2 21 0 4 8 27 10 3 7 7 12 32 1 12 17 7 12 28 2 18 22 10 
8 9 10 8 29 30 23 19 12 19 2 10 9 9 7 3 8 10 5 27 5 28 5 21 11 8 2 6 1 13 21 21 27 4 9 13 32 6 11 5 10 4 6 11 9 12 2 12 14 3 
25 9 1 6 12 25 8 3 13 6 3 0 9 27 6 0 0 24 32 1 5 6 25 4 28 14 10 24 0 2 9 18 33 12 17 7 31 2 12 8 5 30 4 10 31 1 4 29 8 5 
28 9 11 25 28 31 11 13 2 11 6 1 27 7 7 4 13 7 5 4 16 8 9 8 7 7 26 8 0 1 1 7 13 12 8 2 8 8 8 7 11 27 6 10 5 5 12 27 32 8 
13 4 31 7 23 7 0 13 6 2 1 24 20 4 4 18 2 0 17 22 31 10 7 4 11 8 10 4 9 13 5 12 12 10 4 3 0 12 17 22 14 16 6 2 12 9 10 12 5 12 
1 12 11 7 14 9 13 2 9 12 31 16 10 28 8 1 10 13 1 2 3 0 7 27 7 11 7 1 1 8 3 9 4 6 13 11 27 25 27 0 3 9 15 1 14 6 19 0 14 16 
13 8 7 0 16 1 13 9 4 3 8 8 29 2 7 4 11 16 18 20 2 9 8 2 5 20 12 5 11 13 28 3 13 19 13 12 16 26 9 4 6 15 12 7 10 0 5 18 11 34 
19 3 14 20 11 12 3 2 30 29 10 4 9 2 12 30 4 13 12 0 8 9 19 28 10 2 3 9 0 7 6 18 6 10 14 13 29 32 4 22 7 3 4 12 24 6 5 6 9 13 
9 34 13 11 11 2 26 28 27 15 9 13 13 23 1 1 33 3 12 0 7 8 6 8 15 6 11 10 22 0 1 12 8 27 26 1 4 10 6 3 20 12 8 9 21 8 6 4 10 23 
9 28 9 4 16 10 1 1 12 4 7 9 9 16 6 28 6 10 8 2 28 0 0 4 11 13 1 13 13 4 3 17 10 10 11 12 4 3 24 20 9 20 7 9 0 3 7 17 1 12 
19 4 23 18 16 9 6 20 6 34 1 8 15 4 6 5 26 20 13 1 12 0 26 4 6 9 11 12 0 6 10 7 4 24 12 9 3 11 4 4 12 4 6 1 25 18 3 3 10 4 
0 22 29 4 9 25 5 5 17 9 3 3 3 7 7 10 7 1 7 9 12 23 6 11 15 6 31 4 2 13 21 2 6 8 26 22 0 26 10 7 11 3 12 17 12 3 11 5 1 11 
13 3 1 17 1 34 1 6 6 0 1 4 7 6 1 1 12 10 7 5 26 10 32 12 1 34 3 8 8 4 3 8 14 27 7 8 4 6 2 2 6 12 4 3 6 3 3 4 13 6 
9 1 1 23 13 10 13 5 4 14 5 9 28 11 12 11 33 8 5 8 25 12 4 3 29 5 1 9 4 9 28 10 8 13 12 10 29 24 10 12 3 4 13 11 13 0 13 7 9 9 
10 4 11 1 27 18 8 4 7 3 12 3 30 6 11 4 9 26 19 5 10 29 3 25 11 2 4 2 16 4 12 29 7 18 2 0 4 28 6 4 1 5 4 0 3 3 21 25 4 2 
6 1 13 31 22 32 10 2 10 4 4 2 4 1 13 5 11 12 4 1 13 19 4 6 0 22 10 2 7 28 8 4 5 10 23 10 1 9 0 18 12 8 33 33 2 7 7 3 5 12 
8 6 1 9 10 32 1 5 15 13 32 9 4 2 33 7 8 3 13 19 2 6 10 15 33 26 0 10 9 8 5 28 34 1 9 5 11 27 5 23 7 8 13 15 12 2 31 32 9 31 
33 10 29 33 10 11 9 8 14 12 15 7 26 26 0 10 7 26 12 8 3 4 4 5 23 0 7 11 21 4 5 13 1 2 5 2 9 26 2 10 2 12 1 13 4 25 18 4 17 12 
1 0 10 1 12 13 33 3 15 9 8 21 13 22 5 19 11 4 6 11 18 30 12 11 1 2 0 32 5 12 15 30 2 12 16 13 6 13 11 9 12 23 14 4 7 0 0 4 5 13 
2 9 19 9 6 5 14 1 9 1 2 8 2 16 6 5 0 0 22 13 4 27 8 8 7 4 0 10 25 2 7 13 33 10 5 4 3 17 8 28 14 3 20 7 1 7 31 15 4 26 
