50 50
3 15 0 30 4 9 17 5 10 11 34 4 2 19 29 4 13 6 27 18 10 3 2 13 1 1 17 1 9 4 1 16 13 6 0 0 0 4 12 27 9 33 12 30 10 14 10 1 7 11 
32 9 8 9 2 12 30 32 16 5 2 6 10 11 5 4 32 0 4 7 4 21 12 34 19 5 14 14 11 5 14 2 11 9 19 1 0 10 15 5 12 11 7 0 8 6 5 11 11 2 
3 25 13 2 5 9 8 21 10 10 0 5 9 13 13 27 3 5 6 0 10 31 7 0 12 3 29 11 33 13 3 10 13 23 10 10 4 0 2 3 15 26 6 19 12 7 3 21 4 10 
0 19 12 5 24 23 32 9 5 1 4 34 31 18 5 1 2 5 5 4 5 12 7 2 12 5 31 2 1 9 7 23 8 9 4 8 13 13 0 11 2 27 33 5 6 13 10 31 15 2 
5 9 12 0 9 12 33 1 9 12 8 30 6 24 0 13 4 8 1 5 13 8 17 30 8 12 6 30 2 3 6 6 24 3 4 10 6 9 26 26 5 2 0 26 10 34 20 4 11 28 
27 10 1 13 29 10 34 2 12 0 32 23 8 1 12 31 6 10 27 1 29 1 11 1 20 7 6 7 32 1 10 6 3 11 9 7 6 25 9 11 3 26 31 6 10 2 15 34 7 1 
4 0 4 6 3 1 2 17 24 6 6 0 27 7 12 6 28 2 13 12 19 4 7 23 14 7 16 12 2 10 1 2 2 9 11 3 11 14 11 7 0 9 14 12 0 9 2 13 8 3 
1 1 0 14 33 13 32 13 34 7 8 11 12 6 12 24 31 6 11 29 3 11 12 24 5 8 7 7 14 9 6 13 5 0 13 29 0 8 9 32 1 8 0 0 8 9 27 13 2 10 
19 5 8 2 12 8 28 11 11 27 9 12 9 14 22 12 8 14 5 11 12 2 2 2 20 9 1 5 23 11 7 0 1 0 8 30 20 12 8 4 5 3 8 1 13 8 4 21 13 29 
10 0 11 7 4 4 7 4 0 3 9 7 10 24 11 10 14 12 4 7 13 5 6 20 3 8 5 5 15 2 7 4 10 24 26 4 21 11 7 6 12 26 3 7 23 7 10 6 13 3 
24 10 34 2 16 2 17 20 33 3 0 4 13 5 13 19 1 18 19 13 5 10 10 8 2 34 0 10 20 9 22 7 31 27 29 3 33 13 32 0 29 3 17 12 4 11 7 0 11 26 
8 10 25 9 7 15 15 8 23 6 10 10 7 13 26 3 26 30 1 32 6 13 11 10 28 9 26 23 6 33 11 34 12 4 8 9 24 3 21 12 22 3 5 7 15 4 7 24 8 2 
0 26 2 13 3 12 20 28 12 4 18 11 8 3 0 6 6 9 6 33 9 9 11 18 12 2 13 9 19 12 11 20 9 32 20 3 6 32 7 5 2 2 11 9 13 4 10 13 30 7 
6 2 7 1 5 4 13 7 5 27 8 8 13 1 0 9 20 3 12 10 4 0 22 11 27 13 13 4 11 12 5 7 31 6 6 31 10 1 5 5 6 12 3 4 6 8 7 30 7 10 
20 19 5 7 34 9 6 3 13 3 11 5 11 5 13 18 6 23 12 28 13 33 8 4 34 15 1 12 2 1 1 26 18 11 8 1 3 9 13 2 3 0 2 6 6 2 24 16 7 12 
12 8 2 5 10 11 14 5 5 34 23 2 1 9 1 21 5 7 12 6 3 5 0 3 29 0 2 18 12 10 0 12 11 9 21 11 13 5 8 11 13 28 3 4 0 27 18 4 13 11 
3 15 4 7 10 5 3 29 8 1 6 8 12 2 8 1 7 6 10 9 17 2 33 8 6 8 3 20 6 6 17 1 11 12 1 33 15 3 8 34 8 6 4 12 5 4 3 0 19 2 
9 2 1 4 21 10 8 6 16 13 5 10 24 10 8 7 4 10 13 5 21 10 9 33 4 9 2 8 0 11 7 25 19 2 11 14 8 0 11 11 13 9 1 25 8 16 5 11 6 9 
23 25 0 23 6 12 10 6 34 12 5 12 10 11 13 22 18 32 11 6 24 13 12 14 11 1 31 5 8 9 27 1 7 13 10 12 10 9 9 5 11 9 12 20 9 30 18 1 20 21 
3 7 11 5 9 0 25 9 5 9 15 34 8 9 2 0 20 4 5 20 16 13 24 11 29 0 0 26 34 0 5 7 10 16 11 12 8 2 0 7 33 11 0 5 3 6 18 2 30 13 
6 5 12 13 14 7 6 30 0 29 2 0 25 13 13 15 1 15 9 2 24 8 13 2 2 6 4 10 1 13 0 22 9 0 7 6 12 4 31 9 6 1 12 3 15 11 2 5 1 10 
1 12 13 8 2 31 14 22 4 2 12 11 11 1 29 10 2 9 29 11 11 8 4 6 2 1 10 27 3 1 6 7 6 4 9 11 32 3 9 1 4 1 5 1 7 5 12 6 7 31 
5 10 6 25 3 12 32 10 6 3 2 13 8 9 10 5 4 2 5 17 12 12 2 1 8 30 4 9 2 4 8 15 8 11 9 15 10 3 8 6 5 8 9 9 32 5 9 14 28 12 
25 27 8 7 0 8 1 26 8 12 0 6 13 7 22 7 6 10 11 23 33 4 9 11 21 26 19 20 7 12 13 7 11 0 4 0 8 31 6 11 8 8 6 19 2 12 17 20 5 7 
1 13 8 0 8 1 4 8 24 8 13 4 19 0 3 8 8 11 25 8 30 2 8 17 8 13 2 10 26 17 12 1 9 1 2 1 12 23 3 17 29 10 0 6 8 3 2 8 5 19 
3 4 11 10 3 17 17 9 9 0 26 10 13 3 12 10 5 7 7 10 4 1 9 29 16 10 14 20 2 4 21 11 9 1 9 13 4 8 8 4 9 20 0 3 1 8 4 17 8 9 
12 8 2 10 4 8 25 17 3 2 4 9 5 33 4 2 0 3 10 32 12 5 10 6 11 17 1 25 12 1 0 5 14 3 5 4 0 8 13 0 9 28 6 5 1 12 14 5 8 6 
3 21 5 0 5 11 11 5 4 14 4 9 20 10 6 6 1 5 1 0 11 13 22 7 11 11 13 11 13 7 27 0 8 27 0 12 30 8 8 15 1 27 9 1 11 13 2 7 20 8 
2 1 7 9 12 13 3 9 0 19 11 10 1 29 3 4 11 13 9 21 6 23 2 6 6 10 18 22 4 14 0 22 10 11 3 12 17 12 8 4 16 8 32 1 3 30 6 11 0 8 
2 9 22 10 14 32 4 0 8 5 6 30 2 19 17 13 12 20 5 9 5 2 2 26 0 7 17 3 31 23 15 4 0 34 29 2 5 8 5 3 4 0 34 32 6 2 8 1 31 8 
2 1 11 18 0 4 9 14 30 13 12 1 3 9 1 5 23 31 25 24 6 27 30 23 9 5 5 14 15 1 2 2 12 4 9 3 5 3 23 2 8 1 0 5 13 21 25 15 8 7 
30 7 32 1 7 21 12 5 33 16 12 26 2 13 5 6 3 3 6 14 5 2 16 19 7 6 15 12 8 25 9 10 12 9 21 1 1 34 1 12 8 4 3 21 9 10 0 1 0 3 
3 4 6 14 31 6 5 31 24 10 25 13 3 7 5 12 12 33 10 3 21 8 8 12 22 7 7 9 23 24 34 0 2 12 1 33 3 1 1 5 8 0 24 34 33 5 1 10 29 14 
31 22 5 0 13 3 17 25 11 2 26 1 0 1 3 5 4 26 10 5 13 2 22 6 8 7 2 3 6 10 3 5 13 15 7 3 6 1 7 10 8 19 5 1 24 10 7 4 4 0 
23 13 5 7 2 6 26 12 26 4 12 11 13 3 9 1 7 12 26 21 26 8 13 12 2 4 21 10 26 32 11 6 1 2 23 10 9 9 12 5 18 12 4 9 1 13 12 22 7 12 
4 9 6 7 10 20 12 6 10 6 13 32 8 0 13 4 1 1 11 21 5 7 13 7 6 3 13 1 13 1 12 26 1 12 5 25 10 10 9 7 6 6 6 28 9 2 14 7 33 9 
11 11 27 11 19 8 23 31 5 16 5 17 3 8 10 24 1 8 1 19 0 17 1 11 6 17 11 13 3 7 1 25 8 28 4 6 15 9 12 1 2 5 3 5 3 27 5 10 8 18 
11 34 27 3 10 9 27 6 2 22 5 10 1 1 8 9 9 28 8 32 7 10 4 1 4 6 24 5 1 8 15 5 2 8 4 1 2 4 1 0 1 3 13 13 15 29 9 3 10 19 
26 16 9 9 28 3 11 9 9 7 6 5 8 8 13 6 12 13 7 1 13 6 5 32 12 6 2 13 8 17 13 9 10 13 6 7 1 2 6 12 1 9 7 1 24 9 16 7 13 6 
20 3 7 6 10 1 10 12 15 12 11 8 27 11 16 8 3 0 1 16 3 6 11 2 10 33 11 9 0 2 1 13 15 11 12 8 1 4 6 13 14 13 7 8 0 0 6 24 2 9 
13 6 7 1 6 33 34 22 23 12 11 4 7 11 12 7 5 6 3 1 6 7 32 8 1 12 16 0 12 8 22 6 8 13 9 0 23 7 0 1 12 7 33 12 0 19 7 31 11 4 
31 24 0 9 12 9 8 7 27 11 11 0 11 2 4 11 3 5 3 15 16 10 24 12 7 2 1 1 0 11 13 4 4 6 14 18 6 12 18 3 12 3 12 16 12 1 12 1 9 7 
13 12 3 2 10 1 11 24 6 11 14 10 13 13 11 4 13 11 7 11 7 11 11 7 0 2 10 9 7 2 21 13 9 11 25 30 33 15 5 2 5 6 1 24 9 6 14 34 8 0 
12 13 0 23 27 10 13 9 13 0 5 3 20 13 12 10 9 1 22 22 10 6 16 5 22 2 3 4 0 8 3 12 6 7 6 23 1 9 26 10 6 2 0 5 24 8 13 8 6 0 
12 22 11 5 22 6 12 12 19 22 7 13 4 2 1 24 3 2 13 0 7 7 7 5 12 6 1 33 21 8 12 22 1 8 16 9 9 26 27 13 6 11 2 6 26 12 7 3 13 31 
4 1 21 26 7 1 6 1 19 4 3 8 13 19 13 4 2 10 11 14 7 10 11 11 17 17 9 9 1 26 8 9 1 11 0 4 17 5 33 21 16 14 11 6 9 4 3 30 17 5 
0 12 6 5 3 27 8 10 4 3 1 12 0 8 7 8 5 7 31 6 5 12 5 6 7 9 12 20 9 10 1 0 30 5 10 12 11 7 9 1 0 8 1 27 8 18 4 1 5 6 
2 16 6 28 10 7 13 4 3 7 8 0 21 4 12 23 9 11 1 7 6 8 19 11 4 8 2 9 4 6 32 9 4 31 6 2 5 6 9 3 34 2 1 4 14 18 13 14 26 7 
12 7 13 9 0 33 17 6 12 26 29 12 6 12 6 27 1 11 0 9 0 7 13 7 30 5 4 9 33 23 10 11 4 13 9 1 1 13 8 0 19 1 7 9 22 0 1 1 6 4 
11 5 5 9 8 11 13 33 12 32 5 12 6 13 18 12 34 6 6 29 6 0 12 7 2 5 10 15 26 1 13 5 5 3 8 7 8 3 34 2 8 13 0 30 5 5 31 13 9 22 
