50 50
3 31 13 12 4 11 1 12 0 9 29 7 27 11 6 11 1 8 2 12 11 13 8 1 9 2 5 13 10 15 12 24 22 2 2 8 2 27 23 12 31 12 16 3 18 12 20 6 18 6 
34 10 24 13 10 13 14 26 0 2 34 22 1 4 5 4 34 2 1 6 3 4 7 2 33 33 8 34 7 13 4 11 10 21 0 32 10 1 3 8 13 29 28 15 4 19 27 6 0 11 
3 12 2 2 2 32 24 7 6 4 1 9 25 28 6 19 7 13 0 13 4 1 4 1 0 29 6 2 12 8 6 4 31 8 7 11 1 1 2 31 1 10 13 25 1 8 0 0 6 27 
6 29 13 11 9 6 2 13 23 18 9 5 30 1 33 3 10 2 12 31 6 20 10 0 6 1 11 12 1 1 2 5 13 2 1 2 0 9 12 7 0 1 21 11 2 1 23 8 22 5 
17 16 10 9 6 3 9 0 16 2 3 2 12 9 0 2 5 26 8 9 11 33 32 13 34 18 2 10 6 3 32 14 13 9 10 12 4 0 1 10 11 6 24 10 28 12 13 12 4 3 
3 9 13 9 17 6 21 17 1 13 13 11 7 4 31 0 12 1 2 1 30 9 4 31 11 2 16 14 3 5 2 12 29 31 1 1 0 7 10 4 0 12 13 22 3 2 10 3 10 21 
7 12 12 15 12 8 5 8 22 1 2 13 11 13 1 6 1 17 12 2 34 6 10 29 11 1 10 10 1 0 9 9 9 21 1 8 5 12 33 10 2 6 1 9 7 3 3 23 8 4 
9 30 16 3 10 13 1 3 0 29 3 4 9 13 2 0 13 28 5 13 5 0 8 2 11 18 1 33 17 11 0 9 7 6 9 4 13 16 24 13 12 31 0 25 19 9 2 33 3 2 
29 10 1 2 31 8 1 3 9 9 24 13 17 26 18 5 1 13 10 6 7 23 2 1 12 5 10 17 1 5 7 4 12 12 5 4 7 7 34 12 8 1 11 18 9 12 1 9 4 2 
10 2 11 21 16 7 27 7 9 2 30 1 7 8 4 10 28 12 15 32 2 11 4 0 0 13 24 8 19 13 10 8 0 2 23 7 0 19 8 12 1 31 11 10 4 10 0 15 2 6 
4 11 7 1 6 3 0 7 34 27 1 10 2 2 25 13 27 12 6 0 1 2 13 12 4 19 1 8 11 2 20 11 7 7 7 2 4 8 9 13 8 2 5 12 31 22 25 9 12 4 
10 7 13 1 12 14 0 6 2 31 10 8 11 8 19 1 21 28 6 7 26 1 3 4 5 31 13 0 1 11 20 27 4 18 8 1 0 5 10 0 30 20 7 20 22 5 19 7 10 5 
12 5 5 6 24 32 3 4 1 0 17 4 6 6 1 12 13 18 13 0 11 7 2 7 15 18 1 8 6 8 1 0 7 0 13 33 20 25 6 22 10 6 5 2 19 18 1 0 4 3 
10 16 8 1 18 10 7 6 11 20 11 10 12 7 26 0 2 0 3 7 4 3 5 4 22 31 9 12 7 7 3 19 25 26 8 9 29 32 2 1 4 3 0 13 4 23 0 1 2 24 
32 9 3 4 1 28 13 26 15 33 5 7 6 13 13 17 20 7 11 4 5 0 0 9 1 30 4 2 16 27 7 4 2 4 3 9 1 20 8 11 8 20 33 4 12 16 4 5 2 5 
5 12 6 33 6 19 18 16 22 11 5 0 0 10 14 15 4 9 13 11 3 9 9 6 11 5 21 33 21 5 19 5 8 13 6 2 17 15 27 1 10 13 7 1 12 13 24 13 9 3 
12 4 16 4 3 30 13 4 7 7 4 10 9 10 1 12 21 10 10 4 34 2 30 28 25 6 1 3 24 0 7 0 8 27 6 23 2 1 4 8 18 2 9 7 9 13 25 22 29 2 
10 5 5 12 5 8 17 30 13 7 10 8 1 6 16 12 12 4 0 2 12 5 7 1 2 0 6 22 13 1 8 4 6 10 22 30 7 7 5 11 24 12 8 11 22 3 30 28 11 30 
33 30 11 31 23 3 8 33 6 27 3 10 11 22 0 12 11 19 9 20 9 11 10 10 4 11 3 10 17 11 10 1 5 7 9 8 6 5 12 13 7 12 22 32 1 10 34 1 7 8 
33 2 27 13 2 4 5 6 13 6 9 4 33 11 24 12 4 12 6 11 28 31 8 3 1 11 13 13 9 22 9 13 8 3 0 11 3 3 12 7 27 18 2 17 6 11 4 33 11 7 
8 8 11 5 13 4 15 28 10 8 9 8 4 12 10 8 27 27 9 8 3 16 8 1 13 23 31 34 8 5 1 6 7 1 23 3 30 5 4 0 2 17 0 13 24 8 5 13 5 0 
11 29 18 16 12 0 22 1 5 18 27 6 5 3 11 0 32 9 20 21 30 14 10 13 13 5 11 33 12 0 9 12 19 3 6 29 6 0 6 33 9 7 3 11 7 3 19 7 5 11 
7 20 9 3 15 2 34 1 0 30 9 15 2 22 13 33 0 6 9 34 11 18 12 28 11 4 4 3 6 11 21 4 6 8 10 7 5 25 6 9 14 6 17 11 30 11 33 23 10 2 
12 6 8 2 2 3 10 3 14 11 0 16 34 18 5 34 12 13 33 20 34 29 8 7 7 7 19 5 5 7 4 11 8 11 7 18 2 3 14 29 12 7 4 10 0 14 7 2 5 31 
3 20 10 19 29 8 15 29 28 23 4 10 4 5 13 12 4 6 18 9 6 3 3 28 23 34 5 7 23 12 5 5 9 28 13 1 34 15 22 4 9 1 11 22 0 11 3 0 4 16 
0 8 3 33 2 6 33 10 17 11 2 31 4 11 11 12 23 1 12 24 1 4 34 3 28 5 3 0 2 14 9 30 12 10 2 14 12 25 0 30 16 14 13 7 4 2 12 7 9 34 
6 17 0 11 29 21 6 3 5 8 4 13 13 1 3 0 1 20 33 15 2 5 4 2 4 16 6 3 15 21 21 0 5 12 9 13 0 7 2 12 0 12 7 17 5 30 12 7 9 4 
11 29 21 6 4 21 31 7 8 7 33 0 1 4 10 22 27 8 2 5 8 11 22 29 5 13 3 8 6 7 0 2 5 7 25 3 27 7 2 18 15 1 12 3 4 7 1 29 14 7 
14 31 25 8 10 7 8 29 6 0 13 18 1 5 15 10 15 5 2 18 12 12 12 6 8 4 0 10 1 21 30 3 10 2 7 15 26 17 2 12 10 5 0 9 2 13 6 30 15 30 
8 10 5 12 7 5 22 25 16 4 11 16 3 11 12 12 16 16 2 8 4 8 4 28 4 13 31 1 9 0 11 4 11 13 30 9 8 3 8 27 10 1 17 2 5 11 31 22 14 29 
2 18 20 10 0 5 1 30 3 2 10 0 4 1 3 0 13 10 6 19 13 12 10 31 4 9 5 18 4 4 0 28 9 6 3 32 12 8 24 5 22 10 0 13 4 3 21 9 15 0 
0 14 1 1 1 8 1 33 10 5 11 1 12 9 31 10 22 1 7 30 11 9 31 4 7 13 4 24 13 10 16 14 31 12 12 19 3 4 5 2 18 11 11 0 1 1 17 7 6 15 
6 7 19 14 9 5 22 11 21 8 10 4 1 5 0 4 34 30 7 12 8 24 8 4 7 2 2 32 14 13 1 8 7 33 34 14 19 0 6 31 11 11 26 25 7 24 12 25 13 1 
26 1 11 30 27 6 30 16 12 8 1 2 23 0 26 12 9 8 8 5 21 12 8 2 13 25 14 22 3 5 32 32 13 2 8 7 0 1 13 0 0 2 7 8 2 8 5 7 17 12 
7 33 1 3 12 0 5 22 3 11 0 25 11 24 0 3 3 12 3 9 17 25 6 33 27 8 4 32 6 11 4 15 22 11 7 5 13 2 12 31 33 31 3 0 0 6 13 31 12 6 
6 7 25 9 12 23 2 10 3 3 19 7 12 18 4 9 7 3 3 29 3 6 9 16 13 4 6 12 10 12 5 3 6 9 12 26 11 6 7 1 6 16 8 2 11 5 8 4 28 8 
3 0 5 5 10 8 2 24 3 9 29 9 21 7 10 27 12 29 5 10 10 12 12 27 3 13 7 5 17 0 6 5 2 8 2 4 21 22 8 7 34 20 34 11 12 32 12 6 27 8 
7 34 2 28 1 8 33 8 21 11 32 14 10 8 21 10 3 3 2 31 13 10 1 9 12 0 26 32 1 25 13 7 4 12 4 13 13 7 3 3 1 28 2 10 18 11 6 14 12 8 
7 2 4 8 8 2 16 0 5 2 8 8 31 12 10 32 4 22 10 6 10 6 4 8 1 7 28 6 17 25 2 0 12 11 5 22 12 6 27 24 8 4 1 8 32 32 10 14 0 5 
13 30 4 0 26 29 3 9 29 31 5 4 6 5 6 30 5 21 10 5 26 1 7 28 13 25 9 2 26 14 8 3 5 2 29 33 20 4 24 2 10 22 9 13 11 6 4 0 12 6 
5 15 12 2 11 6 10 24 17 4 9 0 13 12 9 11 1 2 28 14 34 11 9 5 10 9 22 13 13 1 8 7 15 24 31 10 32 5 11 4 17 1 26 10 16 1 9 9 16 11 
6 7 4 30 3 4 11 0 11 9 10 1 27 10 3 9 0 22 3 11 5 13 9 12 8 0 7 31 11 13 7 29 0 26 11 13 4 34 0 1 9 33 1 10 13 12 2 5 5 5 
14 25 18 10 2 4 2 0 8 10 9 33 6 27 0 13 2 7 6 4 29 1 10 31 4 13 9 21 6 19 0 16 3 9 31 34 22 4 1 13 0 10 1 7 1 0 12 3 29 2 
5 5 1 7 26 0 5 0 9 7 1 7 12 6 6 27 13 3 3 12 20 3 20 13 12 8 9 11 11 8 12 7 16 3 5 33 13 10 0 7 30 3 1 33 4 6 10 0 15 11 
9 0 12 0 0 10 16 7 22 27 25 2 7 24 6 11 22 10 16 24 8 34 3 4 32 10 15 20 27 8 9 1 10 10 30 5 3 5 6 5 3 5 9 24 24 15 10 13 12 24 
1 15 29 0 4 11 8 27 15 1 1 12 9 32 19 11 13 2 0 4 9 10 12 5 0 8 11 1 29 17 13 4 23 26 11 2 5 24 28 7 26 15 17 24 33 1 12 34 0 12 
11 9 13 7 12 2 13 11 19 18 3 24 5 3 5 2 1 30 8 16 1 6 12 1 17 10 24 11 34 22 5 27 11 6 6 12 0 4 1 34 10 0 31 8 3 11 4 13 7 33 
16 2 12 9 5 12 5 30 2 13 7 32 1 31 3 4 7 6 31 9 4 12 26 7 8 25 15 0 2 17 10 21 9 10 6 5 1 11 3 3 11 24 14 11 26 6 1 7 2 8 
13 10 6 9 3 7 2 10 5 7 12 8 10 3 9 26 16 27 2 10 10 3 10 34 6 11 11 27 2 30 8 0 9 2 9 3 4 1 10 32 2 0 10 0 0 5 2 32 19 22 
5 14 1 7 3 32 13 33 0 11 11 3 7 2 0 2 26 9 1 12 11 11 0 9 11 9 6 12 26 2 0 20 1 24 29 13 11 1 2 3 10 5 13 5 6 5 23 10 2 25 
