50 50
10 24 23 7 12 6 9 21 25 21 10 6 0 6 28 32 24 4 5 8 15 10 13 4 11 0 5 13 9 10 17 10 8 0 10 10 10 9 1 10 0 8 5 0 10 12 5 8 9 3 
19 12 7 20 23 18 32 11 27 8 0 5 12 0 14 6 9 26 8 8 2 0 1 4 2 4 5 9 11 27 10 1 8 1 6 12 1 24 34 3 3 5 7 10 11 29 12 24 9 31 
25 0 1 1 11 26 11 2 9 13 6 11 34 10 1 8 1 3 11 7 8 0 0 11 22 11 2 3 6 13 7 3 17 3 19 5 4 20 0 2 12 24 6 4 5 7 24 2 9 0 
9 3 23 32 26 6 1 8 2 15 1 17 29 13 9 10 11 9 18 11 11 12 4 0 11 13 3 7 25 1 2 10 0 5 4 3 15 9 28 6 13 13 2 3 3 1 13 0 4 7 
12 4 14 17 5 8 11 28 23 28 0 2 5 30 11 0 7 25 24 8 32 15 31 1 8 22 0 0 3 20 5 14 34 0 8 4 18 22 18 1 2 10 11 10 13 2 24 15 8 3 
4 4 13 4 17 12 2 9 30 14 7 8 19 1 16 1 2 13 13 1 0 31 4 8 13 0 13 34 1 12 5 11 2 12 14 26 12 4 2 2 4 8 2 12 1 11 2 9 11 2 
10 12 0 4 13 2 10 27 12 1 1 9 4 8 33 1 29 28 8 9 13 0 13 8 4 0 10 28 0 13 2 5 7 0 17 0 15 4 20 2 7 4 33 2 1 1 11 11 10 10 
9 10 7 6 6 32 8 10 20 2 0 4 4 9 24 7 1 22 0 0 5 11 15 6 4 1 13 12 24 13 3 5 5 33 12 10 2 9 21 13 3 2 24 0 4 24 11 11 12 12 
12 5 8 6 19 3 12 10 10 10 11 4 6 11 9 13 9 3 29 24 8 21 26 12 1 26 22 11 25 11 6 13 3 9 20 32 0 7 11 4 8 22 3 13 2 10 7 4 11 9 
25 1 20 10 12 8 12 11 12 5 18 32 13 16 8 3 9 10 16 1 21 10 23 13 6 12 5 20 6 13 10 28 4 10 11 0 33 4 2 24 7 3 1 1 8 2 13 11 8 7 
7 34 1 12 9 26 12 3 11 6 4 7 3 4 10 12 28 2 23 0 8 10 34 5 1 2 12 11 2 3 0 7 2 1 11 7 5 12 2 3 2 25 25 3 11 10 29 23 12 5 
21 5 3 13 7 4 12 3 20 16 29 24 8 0 1 30 12 6 3 7 9 25 0 10 12 0 20 7 3 11 7 11 25 7 8 29 5 2 29 5 13 3 3 2 16 4 5 3 10 2 
29 8 3 10 2 10 10 10 4 7 7 13 24 14 2 12 9 1 5 13 11 2 30 8 9 13 16 8 5 18 6 5 11 23 7 30 2 3 12 8 31 32 15 1 10 27 6 25 11 6 
9 22 13 0 6 12 21 13 4 1 8 5 6 11 25 13 4 12 14 20 32 13 9 17 8 3 12 9 13 0 0 5 27 13 1 1 7 1 1 9 5 2 11 33 8 1 5 3 27 9 
5 1 27 11 2 21 13 10 11 4 3 6 9 1 2 13 9 3 5 7 0 0 15 2 30 2 20 1 0 11 11 13 23 5 12 13 7 11 10 29 2 1 6 8 0 16 31 9 5 3 
6 12 12 23 0 8 12 32 7 29 8 12 15 34 2 12 12 2 6 5 5 31 13 13 9 11 26 8 3 0 7 11 30 18 10 10 23 15 8 1 9 14 22 13 3 5 1 17 11 1 
8 8 2 6 32 2 9 1 11 13 13 1 25 5 10 13 18 22 3 22 13 5 13 3 5 1 1 3 9 9 3 5 3 2 5 9 1 6 3 3 8 6 10 10 11 22 21 1 7 3 
10 8 13 8 13 12 11 13 2 17 12 11 11 6 10 9 2 1 26 13 12 28 11 10 3 13 12 3 13 1 27 11 4 13 6 1 1 9 5 30 11 1 27 13 9 13 0 2 29 21 
31 3 2 8 8 0 6 9 13 18 10 11 10 4 32 13 21 30 5 23 5 5 3 29 8 7 1 6 1 4 17 10 2 5 24 14 6 3 3 10 11 11 1 10 0 22 3 6 6 0 
8 27 9 19 29 1 4 30 12 8 8 25 10 4 6 2 5 10 17 15 13 5 13 20 5 0 3 8 12 9 8 10 3 31 22 8 2 12 2 19 1 0 8 11 10 1 26 29 2 6 
29 9 11 7 5 4 4 2 31 0 4 13 6 6 9 33 29 4 11 24 8 24 18 10 9 32 25 12 14 33 7 9 9 1 25 9 11 21 9 9 13 7 9 5 1 4 11 5 0 13 
8 12 10 1 2 8 9 3 9 6 2 2 12 13 9 15 34 1 8 3 5 5 29 31 4 3 6 1 11 0 29 0 9 10 33 13 6 13 5 4 12 23 2 26 1 26 2 19 22 7 
1 31 10 14 10 4 1 5 8 3 4 15 24 10 3 23 3 1 12 2 9 15 13 7 19 13 11 0 28 33 2 12 2 2 3 0 30 3 19 13 9 12 18 3 2 1 25 2 18 9 
1 13 26 7 15 6 4 12 1 9 26 5 6 3 7 30 28 26 3 11 10 12 5 0 0 13 0 0 12 9 0 2 13 2 3 25 26 12 6 26 2 13 22 9 2 0 30 1 19 8 
7 15 10 6 1 3 6 13 20 4 0 12 2 5 3 2 11 10 3 6 25 17 6 5 25 13 4 0 5 15 5 34 12 32 4 8 13 0 0 9 32 31 6 17 2 3 2 7 12 13 
13 3 9 7 9 7 29 0 12 4 28 13 1 4 30 18 30 34 12 29 7 2 27 2 4 0 31 4 27 2 1 9 2 1 9 5 30 2 6 0 9 6 13 4 25 3 20 13 4 27 
9 6 8 16 3 0 27 11 0 3 3 7 7 9 6 3 11 4 15 17 30 10 9 20 4 1 10 1 12 0 28 7 31 5 15 32 20 4 2 11 13 4 6 24 4 8 16 13 2 13 
4 8 24 5 28 18 16 9 31 6 9 21 4 18 11 6 11 8 5 8 24 2 13 0 4 4 1 1 9 11 1 28 6 12 0 11 13 1 23 13 9 9 4 13 4 0 0 8 0 0 
13 12 12 1 31 7 10 10 10 2 3 9 2 0 17 24 7 5 6 4 30 3 8 2 3 15 8 13 29 11 11 11 7 17 11 13 6 4 4 16 10 9 4 8 0 5 17 4 0 5 
9 27 4 21 8 6 3 34 11 14 17 1 32 3 10 7 21 12 21 8 11 4 7 11 18 0 8 3 0 8 3 2 33 9 26 9 18 0 16 0 25 11 7 21 10 28 14 4 10 6 
0 14 24 12 24 11 5 11 1 17 7 11 30 8 13 6 18 2 9 8 0 14 12 0 3 10 9 2 3 1 12 1 12 30 12 11 3 3 22 12 14 31 22 34 1 5 9 28 15 4 
11 13 19 10 3 0 5 7 9 10 1 8 17 23 19 10 16 14 12 12 0 14 2 0 6 4 6 12 4 10 0 6 20 1 6 24 8 19 9 0 29 4 9 13 6 5 23 7 9 11 
1 11 13 1 9 10 25 9 3 6 18 9 23 5 22 2 24 28 13 14 6 11 9 29 0 7 2 0 11 4 7 5 4 6 22 8 3 14 11 3 7 11 4 5 10 9 4 8 9 16 
3 10 8 8 0 12 9 13 23 8 27 13 5 28 2 24 6 7 26 4 5 11 9 3 10 5 12 26 12 0 25 13 8 29 30 21 9 10 1 20 12 11 6 3 3 5 22 0 13 21 
22 2 11 29 9 2 16 13 12 19 12 5 3 10 12 6 19 6 0 2 22 1 33 22 8 8 13 0 13 8 6 1 5 8 9 11 0 7 5 23 5 7 12 16 1 23 2 20 3 4 
11 20 9 3 6 28 12 4 12 13 12 16 3 8 1 29 12 8 32 28 13 31 1 1 6 11 2 7 9 12 7 13 7 18 8 0 21 4 14 6 12 4 8 15 11 13 5 2 9 1 
11 7 31 0 26 24 0 6 8 33 8 1 12 8 0 19 0 4 34 2 1 13 13 4 9 4 2 4 34 12 8 2 3 6 7 31 24 1 0 8 27 0 21 10 10 12 12 13 5 8 
31 12 2 12 22 34 0 4 22 17 10 3 8 3 18 19 11 16 2 5 10 17 7 11 8 12 8 33 3 33 6 10 11 2 13 12 6 5 10 1 6 33 28 1 13 24 23 7 7 8 
5 25 9 7 6 12 15 1 8 3 0 17 24 3 34 25 0 11 1 26 8 3 24 10 16 9 4 32 3 4 10 2 7 32 3 7 15 6 12 11 1 12 7 11 20 4 1 12 25 6 
2 8 4 1 21 8 3 10 12 1 0 20 4 7 23 29 0 31 10 18 4 1 3 5 1 7 2 9 13 28 32 27 3 7 23 24 2 0 13 29 21 30 28 12 9 8 11 22 9 21 
22 10 15 2 4 12 9 0 12 31 2 15 12 18 1 9 9 0 0 30 33 5 12 3 2 2 3 6 10 4 0 10 12 3 1 9 5 0 1 25 1 0 23 9 30 2 12 4 4 34 
2 2 6 5 1 12 14 33 30 19 18 13 0 4 7 8 10 27 12 3 28 10 8 1 22 12 3 7 4 0 1 23 12 9 13 9 5 31 13 10 1 18 27 1 34 1 10 7 9 7 
0 4 15 10 6 11 10 9 4 9 7 6 7 3 11 25 5 2 7 3 6 13 9 12 6 7 16 9 6 7 3 3 23 13 5 12 31 9 16 12 10 12 0 6 4 1 7 0 13 20 
2 3 0 11 13 0 9 2 5 6 9 13 12 1 28 6 13 3 14 0 24 12 26 13 2 4 1 5 1 6 5 3 6 13 14 18 0 8 21 23 9 10 34 13 34 2 9 13 9 4 
31 1 30 1 10 8 26 21 12 8 9 1 28 0 20 8 1 2 1 34 13 11 5 20 2 8 13 10 4 4 11 3 1 0 2 6 22 17 9 21 27 34 11 5 26 5 21 21 25 7 
2 9 4 1 16 0 9 12 19 0 16 16 4 28 1 31 11 13 8 0 5 5 10 10 20 10 0 11 0 8 2 34 3 30 10 23 2 8 19 11 24 8 5 12 5 11 4 7 23 21 
13 0 20 14 23 1 4 10 13 29 6 10 7 4 3 7 30 4 33 7 4 4 18 30 3 13 2 28 12 1 10 22 11 5 11 0 9 19 5 2 20 7 10 7 8 5 2 10 9 9 
24 19 6 21 6 7 10 27 13 11 0 8 32 26 1 9 0 10 22 5 8 15 1 4 9 9 19 32 16 9 11 11 4 19 2 12 14 25 8 13 0 7 9 1 16 9 11 12 8 0 
13 12 4 24 9 4 2 4 12 9 18 0 8 7 5 32 5 15 4 3 27 3 0 12 13 12 4 1 20 27 4 0 13 1 5 12 5 7 10 10 11 12 8 0 23 34 20 7 9 14 
8 12 6 22 8 10 11 1 7 24 2 31 6 8 9 6 20 1 11 19 2 8 12 6 31 5 11 0 20 9 3 17 32 21 12 10 11 10 5 3 4 8 26 0 21 2 5 30 1 34 
