50 50
7 22 29 28 19 1 0 2 28 14 28 5 4 4 9 3 6 28 9 1 33 2 5 3 6 13 11 3 25 1 11 7 6 7 8 3 7 25 12 2 5 24 20 7 10 12 1 11 1 17 
17 1 10 32 24 5 11 9 6 10 27 13 14 11 10 6 4 11 3 2 7 3 0 19 6 30 34 28 4 32 16 8 12 9 11 0 0 7 7 5 16 11 4 13 5 9 0 10 5 1 
1 8 34 5 3 2 6 12 30 10 24 8 6 8 7 1 4 9 2 9 2 12 7 9 10 7 6 11 27 32 3 25 10 23 34 9 1 27 30 1 5 10 11 27 5 15 8 0 1 21 
13 7 9 27 13 3 12 13 12 13 10 12 12 9 3 22 14 7 12 1 0 3 12 17 8 11 12 16 3 6 34 26 4 5 3 2 10 11 30 26 20 2 4 2 10 22 28 31 2 4 
29 4 13 8 11 5 13 4 3 12 6 10 1 24 21 20 10 9 6 0 12 29 3 11 14 11 31 1 31 0 8 12 8 1 0 8 4 1 24 26 4 7 10 27 6 18 18 4 8 14 
31 13 11 13 4 5 2 5 9 7 9 13 1 1 3 31 11 24 12 10 11 4 4 5 10 5 8 5 18 34 13 2 8 1 8 8 13 12 12 2 5 10 11 9 9 26 7 1 7 26 
33 1 1 9 3 31 29 27 13 12 10 12 5 11 0 6 6 7 13 6 3 0 28 7 2 30 11 10 32 13 32 33 2 0 8 1 5 22 0 7 6 19 7 6 7 24 4 5 4 5 
11 11 10 5 13 34 5 1 21 13 1 12 0 13 2 7 13 4 29 31 8 30 2 2 4 34 6 11 4 15 2 20 6 13 18 6 2 10 6 20 12 7 9 31 9 29 13 13 2 8 
12 0 9 8 7 34 4 28 0 4 11 13 9 5 9 5 34 2 15 3 17 13 2 27 4 1 4 12 9 9 31 10 2 2 17 30 19 5 33 11 0 6 4 18 11 21 9 14 8 2 
2 3 8 10 13 25 7 8 10 8 10 6 9 13 6 29 3 11 27 9 12 8 33 12 22 8 4 8 9 22 22 15 9 4 32 4 15 5 4 12 9 11 29 21 15 12 7 6 31 11 
16 10 2 18 15 17 20 10 18 9 3 24 10 14 8 26 5 7 5 7 3 12 4 34 10 11 12 31 9 5 2 6 30 13 5 14 11 0 6 25 3 25 1 11 12 18 32 13 27 16 
0 3 8 19 10 5 12 6 23 10 3 1 5 21 0 23 2 21 18 3 0 0 9 5 6 8 6 9 1 1 7 3 4 0 5 21 7 13 0 7 9 0 16 4 33 8 13 32 0 10 
24 11 25 10 6 2 7 28 29 4 0 4 12 13 9 6 2 1 6 7 2 7 18 11 3 5 2 4 13 9 9 33 8 13 16 0 2 11 2 5 24 1 1 10 4 27 10 3 6 1 
25 26 11 6 13 12 3 0 0 4 2 32 21 27 10 1 22 3 2 17 7 0 20 31 12 4 4 13 28 5 4 10 2 7 33 13 33 31 33 6 2 17 2 6 12 14 13 11 9 19 
5 1 3 4 3 21 10 0 15 29 27 14 11 20 3 7 0 32 6 12 8 7 34 5 6 12 28 22 7 0 10 1 10 26 1 0 3 26 3 6 32 1 20 9 8 26 10 11 0 13 
30 13 0 6 10 6 10 30 29 21 9 15 22 8 9 8 12 7 11 7 12 3 10 8 7 1 7 6 6 5 8 18 11 0 9 2 4 10 12 4 8 10 13 5 28 7 10 3 5 0 
6 3 5 34 11 0 31 3 13 7 3 3 29 7 4 9 0 2 9 6 1 8 8 32 10 0 10 8 16 9 19 9 2 33 4 3 1 8 12 9 9 5 12 5 5 2 28 5 11 27 
25 0 9 11 28 20 0 20 3 26 13 4 7 5 14 0 9 8 10 13 2 1 11 5 4 31 10 6 6 9 29 5 7 9 5 30 7 2 9 14 30 3 3 29 15 0 11 13 5 9 
10 2 16 12 16 13 18 8 14 13 29 11 7 0 2 12 0 8 8 30 1 6 8 6 18 9 1 24 20 28 11 0 6 31 3 8 31 7 10 12 0 5 10 16 21 11 1 0 14 1 
0 2 9 5 16 17 7 3 11 6 15 17 21 8 0 0 3 23 27 6 11 12 4 12 6 32 3 11 29 10 0 4 0 10 6 1 18 5 24 9 11 32 31 10 11 17 1 4 8 1 
13 2 12 0 17 10 0 6 9 12 11 31 3 20 4 6 7 6 0 21 13 10 9 7 0 16 1 12 1 14 3 12 29 19 2 12 11 29 4 18 4 29 30 1 0 1 10 29 9 12 
7 7 1 4 7 3 4 3 10 0 1 31 12 6 9 5 6 17 0 29 8 8 14 34 8 30 8 34 0 10 9 24 8 6 1 10 24 16 5 7 4 15 13 2 11 20 13 18 6 33 
12 5 11 1 0 1 13 18 5 4 10 19 2 13 1 16 5 13 4 3 13 12 2 10 2 19 2 24 9 10 6 5 34 5 4 7 0 22 33 15 23 9 6 27 13 11 3 8 4 0 
10 12 10 5 8 2 4 10 9 28 6 2 30 2 1 3 19 10 32 4 9 3 4 12 12 12 8 0 31 5 11 10 5 28 11 12 30 10 22 4 12 4 0 30 5 1 29 8 4 11 
0 2 30 17 4 0 25 30 14 9 3 5 10 3 11 2 3 8 1 16 9 1 15 26 7 20 19 8 9 33 14 1 1 5 28 5 3 4 2 12 11 3 7 29 3 3 4 22 6 3 
27 6 13 4 26 5 3 28 1 1 22 13 5 19 7 4 7 0 9 5 26 25 1 5 21 0 11 0 24 9 12 3 11 3 4 11 4 21 0 16 10 11 11 4 5 1 13 7 6 27 
9 18 30 11 9 3 19 21 6 26 9 6 7 6 12 25 6 5 5 1 0 20 30 4 8 33 7 34 11 9 2 0 18 16 9 10 12 2 2 18 1 21 6 29 22 25 6 9 23 9 
6 0 12 4 0 24 31 28 7 5 10 6 7 11 33 32 10 14 0 3 2 27 6 25 5 11 0 9 14 10 12 19 7 21 26 6 0 13 4 29 5 6 6 13 17 11 4 8 5 6 
12 5 29 2 5 13 17 6 1 12 25 2 12 26 21 20 10 9 10 10 8 6 8 7 11 3 9 10 26 12 5 30 1 10 7 33 6 4 7 29 13 10 32 0 4 3 11 0 5 5 
11 7 13 7 0 7 8 10 7 8 33 13 30 7 13 19 30 8 6 12 7 4 2 9 22 14 4 9 27 9 2 7 6 8 3 8 10 11 3 2 5 2 18 22 13 5 12 13 11 8 
32 29 19 20 12 13 6 24 17 7 15 4 4 23 26 32 20 15 10 4 11 7 10 11 6 6 27 13 11 0 28 11 8 34 3 23 7 7 13 21 4 4 12 3 8 2 9 13 26 3 
1 7 3 15 20 9 4 32 12 1 11 7 8 0 18 3 1 13 19 4 34 4 3 11 8 9 25 5 15 1 8 1 26 6 3 25 10 6 11 1 17 7 9 12 6 9 11 4 12 8 
9 16 15 10 0 12 23 34 4 4 28 4 6 30 7 9 1 14 0 10 25 3 25 2 3 8 25 30 17 10 10 0 0 25 14 12 8 25 2 9 9 13 5 6 6 14 12 8 4 0 
16 10 8 34 4 16 18 2 11 4 9 13 6 2 13 3 3 27 8 1 22 6 20 12 8 15 8 13 15 1 34 7 3 10 8 12 6 10 7 9 24 2 8 27 12 0 2 11 5 10 
25 13 7 2 25 6 14 27 0 3 5 13 17 0 11 7 11 0 5 5 33 1 12 11 8 2 10 0 7 11 11 33 11 11 11 33 8 12 9 5 8 12 7 8 12 7 26 14 2 7 
19 12 5 33 6 10 7 1 10 7 34 0 17 27 28 9 15 16 6 1 33 6 9 10 4 2 3 7 6 12 1 2 25 20 10 12 9 20 8 0 5 27 0 13 11 4 4 13 4 6 
0 11 10 15 1 34 32 27 15 2 10 11 33 7 8 11 22 13 23 33 17 8 5 3 0 8 8 4 13 5 4 12 0 10 5 18 4 23 6 12 6 3 34 4 7 1 2 3 5 10 
9 32 3 11 23 1 0 11 0 13 8 12 10 10 3 4 10 12 7 30 11 27 7 1 19 16 10 22 1 8 5 33 30 5 11 6 5 11 0 28 19 10 7 1 2 11 3 34 1 2 
3 1 12 5 22 31 13 10 11 9 8 19 14 11 17 11 11 11 13 0 29 8 16 13 11 33 21 3 11 1 5 3 18 4 2 11 5 18 13 13 21 4 10 2 4 3 30 25 15 19 
4 2 33 13 13 1 11 29 11 27 5 2 0 3 4 2 3 19 13 11 22 7 3 8 5 8 5 6 11 1 5 22 6 11 1 10 4 10 13 8 24 1 13 6 20 5 24 34 24 18 
9 34 5 4 9 11 3 7 0 2 13 1 26 19 34 19 34 11 12 27 10 12 13 18 2 6 10 3 6 13 6 18 23 9 13 21 6 21 11 3 13 10 2 3 7 15 3 2 12 30 
10 8 12 9 18 1 1 9 13 21 9 2 6 30 22 34 4 12 26 10 27 9 10 16 13 25 2 5 5 0 25 3 5 30 20 8 3 8 8 10 13 7 4 8 15 7 12 8 9 4 
31 26 11 4 11 12 3 2 8 2 4 8 5 20 4 5 1 1 6 13 2 4 11 12 10 34 28 18 26 4 5 5 1 26 31 23 25 4 7 7 13 13 30 8 4 27 33 1 31 13 
0 18 0 6 0 28 12 0 0 9 8 29 1 0 2 29 11 10 24 17 10 22 25 5 5 1 32 2 8 9 1 13 12 13 1 4 1 25 32 23 9 15 3 6 5 6 1 1 0 30 
32 2 27 30 0 31 8 2 17 21 6 4 0 22 10 6 3 16 5 5 7 12 27 8 22 0 4 4 11 17 29 9 19 9 16 0 0 2 12 3 1 2 13 8 13 7 0 13 10 8 
0 27 13 2 32 10 3 2 13 7 26 7 4 6 0 11 3 12 9 27 5 0 2 1 1 4 11 3 3 2 18 9 0 12 13 12 10 5 9 6 12 7 10 3 17 11 12 8 3 7 
20 2 29 20 11 20 24 13 9 4 5 29 10 9 26 3 31 33 10 8 9 10 31 0 10 8 13 4 6 10 7 8 7 21 0 6 10 5 4 2 4 6 9 2 7 0 6 5 7 3 
9 28 1 10 0 5 4 3 4 4 11 15 11 16 5 18 12 0 2 29 2 3 13 0 13 10 7 13 28 4 5 12 8 7 3 25 11 3 8 4 3 16 13 1 31 9 3 8 7 34 
6 3 8 13 3 7 23 28 11 10 3 8 10 15 0 4 1 5 3 34 9 4 11 11 2 4 13 4 12 13 28 9 4 26 7 27 5 5 13 16 22 4 18 6 3 21 10 8 0 27 
7 22 4 3 7 24 0 19 7 10 9 6 0 1 13 3 13 1 3 12 6 1 5 15 27 6 9 22 34 7 4 13 9 12 19 27 33 4 7 6 8 3 1 17 5 5 13 4 16 31 
