50 50
5 14 5 4 16 16 13 10 13 7 4 25 11 25 12 7 5 3 0 1 3 10 6 5 14 18 13 7 32 6 5 2 13 21 16 11 7 11 12 18 12 12 24 3 25 17 30 1 10 2 
15 26 5 8 1 11 12 7 28 21 13 20 9 4 12 33 4 11 1 5 6 5 12 12 5 0 6 26 13 2 32 13 8 12 10 3 9 9 11 28 14 9 8 4 5 11 12 13 4 9 
7 1 13 5 9 1 0 0 4 7 13 0 17 1 9 13 3 25 20 10 27 4 10 3 15 1 8 7 0 3 2 11 6 4 10 3 2 17 28 14 1 8 6 4 16 2 13 11 30 3 
11 1 24 9 2 6 1 10 7 6 5 19 11 3 2 14 5 33 32 26 4 11 3 4 12 0 9 11 11 8 17 11 18 33 13 6 0 9 1 33 28 8 30 7 16 7 4 10 20 7 
7 7 6 8 9 3 10 16 6 8 32 10 21 8 27 4 13 19 10 20 10 4 33 4 7 13 7 1 10 13 13 11 31 11 10 0 0 6 27 0 8 6 7 10 5 9 9 6 31 3 
3 7 6 18 6 17 17 8 9 0 12 15 24 0 32 16 6 6 11 3 2 3 11 8 7 25 7 1 11 22 5 6 7 12 11 13 31 0 28 8 6 4 20 3 8 34 31 10 4 8 
4 6 5 12 18 6 6 5 1 11 4 5 12 8 11 30 21 32 18 18 2 9 3 9 3 8 7 1 3 12 7 11 5 17 17 32 12 11 3 10 27 9 3 10 1 3 9 9 31 1 
31 16 7 10 11 9 3 4 33 4 30 8 9 15 2 18 13 2 2 9 11 9 32 8 5 32 6 33 33 4 11 9 33 11 8 13 3 11 23 6 5 3 7 9 3 1 3 24 1 24 
6 26 6 5 13 4 11 5 10 31 9 8 5 12 10 26 0 17 3 27 5 1 12 4 12 12 0 15 5 14 26 27 9 22 6 10 1 10 34 15 27 4 6 24 23 12 7 19 12 5 
31 5 4 6 3 23 9 13 7 2 17 9 23 17 8 22 9 13 0 11 29 13 16 5 0 4 6 13 28 1 10 0 28 6 13 10 11 5 13 8 11 0 2 8 3 10 9 21 12 9 
10 8 8 4 1 5 12 24 11 25 8 14 7 4 12 19 9 3 13 10 6 4 12 3 12 13 28 2 20 26 7 4 25 3 5 9 1 4 27 13 22 0 15 3 2 27 22 2 6 6 
7 31 1 12 17 18 16 16 3 1 25 11 1 8 4 0 26 11 4 6 9 10 1 2 28 9 11 16 6 10 1 2 22 10 26 34 0 0 5 7 6 6 8 24 11 34 19 7 17 1 
11 13 7 6 8 10 8 13 23 5 1 7 13 1 1 7 33 22 7 10 24 0 26 1 4 7 12 7 14 6 12 15 6 3 11 31 5 0 33 1 27 28 1 3 18 22 4 1 32 0 
9 4 5 6 2 18 9 6 4 12 0 11 11 9 10 30 1 3 30 19 3 1 31 34 12 13 10 23 20 21 7 0 0 28 0 3 9 1 24 25 20 7 11 10 0 5 4 3 0 20 
19 1 21 4 34 11 6 8 5 12 23 14 13 24 5 26 29 10 9 3 10 9 33 7 13 34 1 1 5 5 29 5 0 8 5 1 0 5 13 9 7 30 0 13 6 0 16 12 13 0 
8 5 19 7 22 10 2 5 5 3 6 5 14 0 21 13 11 6 6 10 13 30 12 22 5 12 5 2 10 23 5 20 5 25 1 6 10 11 2 3 14 11 7 6 3 8 7 13 7 1 
13 9 2 30 7 25 10 9 8 13 28 2 0 3 12 2 20 7 7 18 16 3 12 3 0 4 31 11 33 10 12 11 8 9 11 13 13 5 8 20 11 9 5 14 1 12 2 11 2 12 
13 3 0 7 10 10 0 10 8 17 32 32 8 0 12 2 7 12 2 7 4 31 5 31 18 1 5 11 8 8 13 17 31 0 6 11 2 34 34 2 7 9 13 5 12 1 10 22 3 25 
8 1 8 5 9 23 11 10 11 2 29 13 4 17 10 8 13 1 7 4 1 1 0 0 11 32 9 20 6 6 6 22 4 28 0 5 8 12 27 3 12 22 5 29 13 5 12 1 8 2 
22 34 34 28 30 29 20 5 16 12 14 5 2 4 31 8 8 5 5 32 8 4 5 9 11 5 0 5 6 6 7 1 34 10 1 22 13 31 22 27 3 1 9 3 11 8 4 23 6 19 
9 28 21 12 10 11 6 9 30 8 1 27 6 10 27 15 4 2 34 3 6 12 6 2 22 34 6 3 23 27 0 13 5 0 2 15 10 0 4 0 13 8 8 9 6 8 8 23 6 9 
0 9 12 0 15 4 9 8 8 6 10 3 12 14 3 2 2 4 10 5 7 4 6 12 3 8 32 9 5 13 13 28 4 7 29 29 29 34 28 0 10 5 2 33 34 15 0 12 1 6 
10 7 0 1 10 13 8 8 8 10 4 9 0 13 1 4 13 2 2 7 1 25 6 8 9 0 8 17 7 9 7 8 2 30 12 7 6 6 12 34 0 6 0 23 8 9 9 1 2 4 
6 7 7 4 26 4 27 10 7 11 8 21 31 21 19 5 12 4 15 4 4 2 12 13 0 1 27 8 20 17 20 0 11 12 32 8 17 6 24 33 9 13 2 10 3 10 11 18 2 15 
0 4 13 11 11 3 22 5 10 2 8 7 28 11 13 5 3 14 5 9 4 3 10 12 4 0 30 1 4 12 30 12 11 27 4 11 25 3 34 1 7 10 0 20 0 1 9 5 2 4 
32 3 1 3 6 6 2 4 7 24 13 1 13 10 12 9 4 3 11 9 17 11 5 0 6 7 10 13 21 2 18 22 5 21 25 4 23 0 4 22 5 4 29 1 30 5 29 13 7 22 
10 0 4 21 32 29 11 5 6 9 26 25 25 7 2 12 7 10 8 7 2 30 4 9 23 4 12 19 2 4 2 1 19 31 7 7 5 4 5 34 10 3 8 7 6 2 27 7 27 29 
8 6 10 31 14 15 25 0 11 10 11 0 13 4 11 24 28 4 20 16 23 8 3 7 30 9 11 19 32 34 7 5 5 11 16 9 9 10 25 4 26 1 11 7 6 6 13 23 23 29 
2 16 0 9 10 7 4 8 11 12 17 8 9 31 11 7 29 6 16 9 8 6 0 23 1 11 9 5 5 0 8 33 7 21 13 12 2 4 10 9 3 28 21 12 32 4 4 33 4 0 
7 3 0 8 31 12 18 14 8 21 20 9 7 5 13 9 33 11 27 29 17 7 1 10 9 19 10 34 12 1 18 3 13 12 33 2 7 5 27 13 29 0 1 12 12 9 5 0 8 9 
6 34 2 4 4 5 1 33 0 0 5 13 11 0 13 6 5 6 3 0 5 12 28 29 6 4 0 9 9 2 5 8 14 1 4 27 12 8 33 20 28 0 5 2 3 17 13 11 6 12 
5 11 8 22 7 1 8 25 8 8 0 34 12 16 4 7 3 30 11 12 2 11 10 22 15 2 11 23 10 7 4 19 31 32 12 30 24 7 1 7 12 32 31 18 21 2 4 28 11 6 
5 3 4 13 4 12 28 2 8 30 20 14 1 3 30 6 17 10 22 13 13 3 10 4 30 12 6 14 7 3 18 15 12 17 11 20 34 5 17 5 14 16 14 7 3 13 1 12 12 10 
3 11 8 1 9 1 10 13 7 1 8 1 8 9 12 12 4 7 4 16 4 10 19 27 5 19 13 26 13 25 9 10 11 5 2 7 9 13 1 9 4 8 12 6 30 12 0 3 9 9 
20 5 12 4 30 23 22 4 0 11 20 2 13 5 12 6 0 5 8 11 5 3 4 33 30 29 5 2 5 10 14 10 2 13 27 32 13 1 21 11 34 5 3 8 6 0 4 10 5 10 
32 3 9 4 25 13 7 9 11 8 0 7 10 1 27 12 13 6 8 0 1 29 13 8 13 33 7 29 13 25 12 16 9 4 22 24 12 2 25 23 7 16 9 6 8 5 6 26 10 12 
6 4 8 3 1 12 12 8 13 3 9 13 34 5 13 7 6 31 8 8 13 25 7 3 0 5 23 6 2 32 6 2 9 13 8 23 13 21 21 21 5 2 7 12 24 10 23 13 2 8 
0 10 3 32 3 8 6 27 12 7 23 12 12 20 6 21 3 25 4 20 2 2 10 12 8 3 21 32 28 24 6 5 1 29 9 12 25 7 5 8 24 4 8 5 11 7 25 5 1 33 
6 26 2 6 13 9 3 7 11 14 17 5 10 1 7 6 15 4 8 19 16 5 27 27 4 6 2 1 9 1 6 0 30 8 8 0 4 26 34 6 1 11 0 27 0 2 11 3 11 8 
7 32 13 1 12 13 33 12 13 6 2 0 16 7 20 3 10 2 18 9 7 5 3 5 9 13 11 3 7 4 13 8 6 24 0 9 7 2 2 11 7 5 25 2 6 5 5 12 7 25 
5 11 11 12 14 9 2 11 8 26 12 7 5 11 8 19 28 0 2 27 7 15 3 29 13 13 27 8 12 25 32 5 9 33 19 5 13 11 28 5 0 10 3 7 25 5 5 3 3 16 
15 1 13 1 12 10 9 2 5 9 2 13 5 6 8 13 3 22 11 13 4 8 11 34 27 9 12 12 2 8 1 11 13 0 3 13 4 12 11 5 19 2 2 3 12 0 8 12 12 23 
12 10 5 4 20 12 5 3 5 29 11 6 9 0 6 6 8 4 14 0 8 6 5 4 19 7 29 0 11 7 22 3 9 5 13 0 9 11 7 4 15 0 13 2 11 12 7 12 2 9 
6 19 15 15 12 21 7 6 9 11 8 2 8 6 21 14 27 4 27 8 6 32 8 8 12 3 2 7 34 7 10 2 28 3 9 19 25 1 8 5 15 9 12 12 8 17 24 6 10 9 
1 9 5 10 11 34 11 2 12 2 3 20 0 11 1 13 24 13 1 32 13 26 9 6 13 2 17 23 5 3 15 4 7 4 10 32 17 6 7 33 2 4 8 32 2 20 8 13 3 8 
33 3 5 0 14 8 29 5 4 7 9 11 22 27 6 4 1 13 21 4 0 6 10 8 0 25 8 2 20 0 5 6 9 7 30 26 13 7 24 6 11 2 11 5 33 0 3 2 3 12 
10 6 9 1 19 32 4 21 3 32 3 10 10 5 8 4 7 13 18 3 5 21 12 1 8 16 12 10 2 4 33 24 17 12 2 22 0 4 13 20 3 11 6 2 3 2 2 12 0 10 
33 8 9 4 25 8 11 13 0 4 8 32 7 8 13 23 10 5 23 5 28 0 6 1 1 11 4 3 9 1 18 7 3 23 12 0 1 2 29 0 4 3 13 9 4 5 0 11 34 3 
9 12 9 17 11 14 21 12 4 1 6 5 1 30 10 3 7 4 11 9 24 2 16 2 5 8 2 12 13 11 2 9 12 11 6 2 0 29 7 5 3 12 0 13 6 14 12 7 5 8 
7 6 10 4 34 33 7 3 13 24 12 2 9 11 16 11 14 22 18 6 3 9 1 9 13 23 0 10 12 30 25 26 31 2 20 6 3 7 11 3 19 9 10 9 13 1 6 10 13 20 
