25 35
9 17 12 2 14 26 4 4 25 31 14 7 3 5 12 22 16 12 0 8 27 1 22 23 17 28 5 19 12 4 5 27 9 15 12 
24 17 31 17 5 10 2 14 6 0 2 20 12 12 11 6 3 2 10 1 13 13 6 6 19 11 4 8 9 8 21 3 10 3 23 
29 13 4 34 9 12 24 30 22 10 8 12 12 18 19 3 10 7 8 31 9 23 27 27 2 26 3 3 32 7 18 23 28 19 9 
9 7 9 6 0 5 19 12 1 11 14 10 1 10 7 0 12 0 4 11 2 7 24 3 8 3 10 10 3 3 6 1 7 11 21 
19 11 12 6 8 2 10 6 10 2 0 4 23 16 1 13 8 3 12 3 6 22 14 32 11 0 11 5 12 10 7 2 27 5 5 
21 31 7 9 2 13 9 11 16 9 8 9 20 13 8 12 2 13 10 12 1 6 11 19 7 5 6 33 17 5 0 12 2 13 3 
8 26 18 4 15 9 8 9 26 13 3 31 29 5 10 0 8 7 15 11 28 12 18 7 27 1 13 2 6 6 22 3 3 12 13 
4 2 6 9 4 0 21 5 2 2 7 10 10 0 34 12 12 8 4 31 2 30 7 10 29 24 8 15 13 1 15 1 4 7 7 
7 12 2 11 14 25 3 4 14 28 0 17 10 17 1 4 2 18 15 0 11 7 25 26 0 8 8 0 13 6 11 12 7 2 10 
25 4 11 12 8 9 12 27 8 6 10 21 2 1 30 24 33 5 0 10 23 10 23 0 6 5 6 10 2 19 10 4 7 1 7 
21 9 11 9 15 10 5 8 23 13 13 13 32 23 21 28 23 7 13 4 9 2 12 26 7 11 13 8 5 10 13 2 29 15 12 
13 29 16 13 2 28 8 3 0 21 31 10 7 5 9 0 34 10 28 23 11 4 1 18 23 1 2 15 12 26 9 3 27 19 0 
1 8 1 9 10 3 12 20 6 14 10 30 5 1 21 10 11 9 14 19 5 6 8 11 7 13 6 10 28 4 8 12 15 7 0 
12 6 3 32 0 6 31 2 6 5 21 11 32 1 5 5 21 4 10 0 7 16 7 2 14 34 12 11 1 9 9 30 10 14 8 
8 3 11 3 11 24 4 18 5 33 7 12 0 3 7 13 17 6 23 8 10 7 21 11 7 2 12 12 13 29 3 4 12 4 26 
12 23 19 8 2 5 7 8 12 8 0 0 24 15 9 12 21 27 11 19 12 6 9 7 22 2 3 5 8 5 9 33 15 0 7 
8 11 4 10 11 11 4 7 11 8 8 4 13 11 6 13 6 9 14 3 8 28 21 11 3 12 6 30 3 6 8 27 11 11 11 
5 5 12 11 11 18 4 12 13 9 3 5 25 0 16 10 12 12 24 25 10 13 0 4 23 0 7 5 24 13 9 8 32 6 19 
5 11 29 5 9 13 6 31 9 11 8 11 29 24 6 13 2 10 4 2 13 7 1 1 7 6 27 3 12 6 28 10 9 26 3 
9 5 3 3 34 2 5 12 34 8 6 6 8 11 6 9 11 3 19 4 10 9 9 33 7 10 11 34 19 12 6 11 9 1 11 
5 2 18 9 4 24 22 4 1 4 27 7 10 12 12 33 34 11 6 11 32 6 11 12 11 26 12 28 0 12 19 12 12 3 7 
10 30 12 10 10 29 7 10 0 1 11 9 20 7 1 10 2 13 22 12 13 12 21 19 30 8 13 6 2 2 13 3 3 7 6 
12 13 0 0 1 0 11 7 2 5 0 23 30 11 9 33 3 22 9 5 13 26 12 21 7 6 7 27 19 26 6 19 26 6 11 
1 9 11 28 4 16 7 5 2 1 8 3 29 4 3 10 3 34 14 5 7 6 18 6 9 11 13 16 0 4 13 3 27 3 2 
1 1 13 6 7 7 22 0 29 13 1 9 26 12 9 4 7 0 10 0 6 11 14 21 20 6 14 12 7 2 9 12 5 5 25 
