9 45
6 23 6 6 1 10 2 13 2 13 13 3 1 23 11 14 6 0 11 6 0 4 3 3 12 6 3 27 5 30 17 2 0 28 30 11 8 10 8 34 0 4 3 20 3 
22 3 13 9 0 22 7 1 30 3 6 10 5 10 5 2 2 13 8 8 7 26 7 5 2 13 7 13 10 1 13 12 6 31 22 1 16 13 7 7 10 15 7 3 26 
0 8 16 3 12 0 26 4 1 22 0 2 6 34 22 13 11 6 12 12 28 1 30 6 21 21 7 0 9 11 11 2 12 3 25 7 10 29 9 13 12 6 32 5 30 
7 23 12 6 4 7 3 24 13 11 12 17 4 2 0 21 2 5 13 10 1 19 1 7 31 11 4 17 3 13 7 10 5 3 3 25 11 2 5 1 32 15 11 9 5 
13 2 12 9 13 10 5 2 17 12 28 13 8 20 2 5 3 21 8 1 4 10 13 31 23 34 0 8 21 11 33 11 7 10 22 17 9 30 11 19 3 25 2 6 30 
15 13 9 7 32 1 7 13 3 13 1 13 13 2 15 4 4 12 4 1 19 29 12 8 7 22 4 28 13 4 24 8 13 22 16 9 5 21 0 2 7 17 16 30 4 
11 34 7 9 6 14 2 12 0 1 19 13 1 5 11 6 1 0 30 6 4 12 18 7 2 19 7 8 8 5 9 5 34 5 6 2 4 26 12 2 1 5 17 1 0 
10 1 9 12 9 5 22 22 23 11 17 11 4 6 7 9 2 3 5 2 0 29 4 18 2 8 7 3 3 19 10 13 6 6 0 12 2 0 11 5 27 1 7 3 12 
32 8 6 28 10 1 25 3 10 22 12 7 6 30 6 10 26 10 0 4 12 13 8 11 13 3 33 5 11 19 13 16 11 2 5 0 4 21 30 14 1 13 13 31 14 
