42 13
6 18 12 34 5 5 23 2 7 11 29 12 20 
26 34 1 2 20 1 11 25 18 34 13 20 6 
10 1 8 29 7 33 2 9 2 19 6 25 18 
3 11 4 8 0 0 11 27 26 7 8 21 7 
6 12 6 9 19 25 2 1 0 6 4 10 4 
10 8 16 8 34 4 6 15 12 7 11 30 32 
3 0 9 8 1 10 29 32 4 11 28 9 23 
12 10 16 2 9 25 9 7 19 11 5 0 16 
8 26 10 9 9 3 6 7 6 12 1 9 5 
16 8 8 7 7 9 25 9 9 5 13 1 7 
6 7 22 4 4 5 5 28 8 6 2 33 13 
13 27 13 11 18 3 22 1 5 23 2 10 6 
29 11 12 3 6 8 31 0 2 3 1 28 11 
4 6 7 30 16 9 10 18 0 2 17 11 7 
10 4 30 31 9 0 4 7 19 6 1 11 7 
10 31 15 4 12 0 12 6 10 9 20 9 4 
22 0 13 12 4 34 0 13 5 6 1 33 32 
11 33 6 13 5 24 12 12 24 11 17 11 11 
12 0 12 3 20 8 7 24 10 11 1 6 13 
12 1 33 15 32 25 9 12 15 12 21 13 25 
9 12 24 2 10 13 13 19 19 2 16 7 3 
14 27 2 1 7 1 33 2 14 3 18 22 4 
34 3 2 34 7 17 4 23 17 13 0 12 12 
6 7 8 0 10 22 12 11 1 2 12 5 0 
12 9 10 2 5 0 13 2 3 7 0 2 1 
2 12 2 12 0 13 7 6 8 3 31 1 19 
2 8 19 2 24 24 19 7 4 24 5 5 3 
12 0 6 24 5 34 11 9 31 17 6 10 8 
24 7 19 1 12 2 20 9 1 2 9 30 34 
7 5 2 3 1 3 29 26 4 9 8 34 34 
9 25 25 0 9 10 5 6 1 2 8 11 13 
3 23 9 12 11 11 22 12 11 11 3 2 3 
7 0 5 2 18 19 19 6 10 8 7 23 8 
9 1 1 5 32 9 7 2 12 8 10 5 3 
7 13 0 0 5 20 10 23 16 6 8 0 0 
7 4 27 2 13 32 4 1 5 0 7 32 5 
15 11 1 17 1 15 10 2 9 16 12 10 26 
14 9 4 23 11 28 34 8 10 11 18 12 12 
4 4 7 8 17 18 14 2 23 32 7 19 8 
13 32 6 13 0 13 1 5 11 32 10 3 1 
3 2 11 12 6 27 26 19 7 3 34 0 2 
6 5 6 1 1 16 10 9 19 10 8 2 29 
