150 214 46606
395
421
579
720
773
906
1020
1051
1245
1608
1659
2322
2757
2879
2912
3077
3419
3477
3480
3526
3617
3629
3709
3766
3840
3887
4109
4440
4445
4515
5025
5195
5397
5613
5638
5660
5831
5933
6351
6461
6462
6902
7045
7164
7231
7425
7814
7873
7883
7962
8616
9386
9969
10282
10330
10354
10409
10595
11104
11497
11506
12241
12391
13509
14345
14485
14547
14983
15068
15247
15301
15544
15695
15883
15909
16340
16435
16708
16832
17059
17230
17396
17434
17537
17749
17782
17828
18237
18270
18307
18529
18836
19127
19320
19482
19681
20117
20124
20730
20989
21483
21560
21598
22197
22587
22726
23081
23672
23765
24498
24690
24991
25194
25307
25315
25342
25633
25657
25762
26044
26154
26294
26364
26612
26619
26748
26794
26850
26966
27427
27741
28320
28348
28695
28773
28982
29311
30692
31079
31178
31406
31491
31569
31668
31758
31903
31971
32258
32331
32382
32460
32469
32471
32637
32989
32995
33096
33524
34218
34351
34389
34521
35401
35912
36012
36119
36399
36480
36573
36606
36687
37040
37049
37114
37447
37952
38363
38582
38591
38596
38715
38805
38832
38938
39143
39846
40185
40692
40763
41044
41134
41206
41257
41400
41572
41621
42304
42306
42709
43029
43625
43871
44036
44341
44447
44544
44697
44997
45272
45358
45576
45983
46189
46260
1
2
4
5
6
7
8
9
10
11
12
13
14
15
16
18
20
22
23
24
27
28
30
31
32
34
35
36
37
38
41
45
46
47
48
50
51
53
55
56
57
58
59
60
62
63
65
66
67
68
69
71
72
74
75
76
79
81
82
88
90
91
92
93
94
95
97
98
99
100
101
102
103
104
106
107
108
110
112
113
114
115
117
119
120
122
125
127
128
129
130
131
134
136
138
140
143
144
146
147
149
150
152
154
155
156
157
158
159
160
161
163
164
165
166
167
168
169
171
172
173
174
175
177
178
179
180
181
182
183
185
187
188
189
190
191
192
196
198
199
201
202
203
204
205
206
207
208
210
214
