479 487 64440
5
99
129
220
329
394
479
517
685
838
965
1044
1099
1233
1260
1388
1461
1482
1508
1570
1609
1690
1751
2070
2104
2251
2755
2757
2822
2894
2973
3116
3133
3291
3498
3513
3735
3795
3832
3944
4028
4031
4394
5018
5183
5236
5351
5468
5624
5761
5962
6052
6098
6365
6391
6441
6498
6595
6824
7246
7400
7458
7735
7986
8005
8113
8189
8592
8838
8955
9162
9217
9227
9254
9494
9550
9850
9959
10190
10310
10332
10540
10863
11047
11322
11443
11605
11804
11821
11884
11908
12040
12070
12189
12368
12467
12471
12605
12922
13431
13513
13747
13784
13823
13877
13948
14034
14035
14180
14245
14274
14297
14334
14385
14579
14707
14781
15220
15227
15315
15406
15451
15519
15551
15860
15928
15988
16192
16426
16669
16803
16847
16978
16989
17477
17788
18114
18149
18198
18236
18240
18471
18525
19048
19200
19478
19820
19822
20039
20144
20261
20491
20514
20526
20544
20569
20596
20897
21208
21505
21992
22167
22209
22298
22381
22629
22706
22801
22826
22903
22981
23281
23308
23355
23484
23565
23614
24009
24064
24351
24955
24982
24999
25236
25237
25342
25535
25564
25882
26064
26250
26322
26380
26418
26651
26745
26782
26804
26832
26963
27215
27421
27528
27537
27754
27794
27881
27919
27936
28220
28260
28509
29009
29028
29607
30194
30252
30365
30585
30710
30966
31032
31429
31460
31471
31801
31853
31996
32273
32498
32688
32707
32753
33044
33195
33278
33383
33693
33987
34049
34214
34420
34624
34907
35059
35182
35414
35519
35548
35582
35655
35677
35735
35793
35913
36075
36088
36235
36261
36290
36341
36601
36778
36794
36994
37073
37094
37102
37286
37304
37325
37599
38094
38350
38374
38423
38438
38810
38885
38942
39139
39230
39300
39389
39405
39489
39594
39868
40222
40386
40393
40666
40690
40744
40774
40876
40878
41290
41386
41479
41616
41670
41714
41723
41833
42245
42336
42339
42344
42563
42746
42747
42751
42866
42984
43045
43169
43212
43222
43280
43506
43543
43933
43967
44001
44073
44165
44283
44289
44311
44446
44525
44877
45041
45101
45192
45235
45250
45251
45438
45539
45570
45603
45614
46048
46152
46375
46376
46438
46497
46588
46621
46637
46644
46735
46963
47147
47201
47502
47683
47947
48354
48407
48444
48458
48485
49087
49393
49403
49595
49851
50015
50056
50094
50182
50190
50207
50255
50315
50364
50497
50688
50719
50824
51019
51068
51149
51249
51328
51376
51441
51491
51538
51730
51949
51954
52385
52452
52455
52560
52626
52698
52877
53031
53074
53135
53379
53499
53690
53699
53964
54088
54286
54290
54537
54539
54568
54666
54746
54796
55397
55878
55978
56073
56088
56214
56655
56660
57013
57265
57333
57518
57545
57576
57639
57678
57703
57988
58051
58212
58433
58464
58500
58658
58697
58841
58863
58881
59007
59090
59247
59493
59623
59729
59762
59893
59981
60166
60279
60350
60434
61049
61259
61272
61282
61337
61354
61609
61691
61747
61770
62040
62210
62243
62378
62465
62675
62742
62765
62850
62879
63388
63837
64067
64269
64387
64401
1
2
3
4
5
6
7
8
9
10
11
12
13
14
15
16
17
18
19
20
21
22
23
24
25
26
27
28
29
31
32
33
34
35
36
37
38
39
40
41
42
43
44
45
46
47
48
49
50
51
52
53
54
55
56
57
58
59
60
61
62
63
64
65
66
67
68
69
70
71
72
73
74
75
76
77
78
79
80
81
82
83
84
85
86
87
88
89
90
91
92
93
94
95
96
97
98
99
100
101
102
103
104
105
106
107
108
109
110
111
112
113
114
115
116
117
118
119
120
121
122
123
124
125
126
127
128
129
130
131
132
133
134
135
136
137
138
139
140
141
142
143
144
145
146
147
148
149
150
151
152
153
154
155
156
157
158
159
160
161
162
163
164
165
166
167
168
169
170
171
172
173
174
175
176
177
178
179
180
181
182
183
184
185
186
187
188
189
190
191
192
193
194
195
196
197
198
199
200
202
203
205
206
207
208
209
210
211
212
213
214
215
216
217
218
219
220
221
222
223
224
225
226
227
228
229
230
231
232
233
234
235
236
237
238
239
240
242
243
244
245
246
247
248
249
250
251
252
254
255
256
257
258
259
260
261
262
263
264
265
266
267
268
269
270
271
272
273
274
275
276
277
278
279
280
281
282
283
284
285
286
287
288
289
290
291
292
293
294
295
296
297
298
299
300
301
302
303
304
305
306
307
308
309
310
311
312
313
314
315
316
317
318
319
320
321
322
323
324
325
326
327
328
329
330
331
332
333
334
335
336
337
338
339
340
341
342
343
344
345
346
347
348
349
350
351
352
353
354
355
356
357
358
359
360
361
362
363
364
365
366
367
368
369
370
371
372
373
374
375
376
377
378
379
380
381
382
383
384
385
386
388
389
390
391
392
393
394
395
396
397
398
399
400
401
402
403
404
405
406
407
408
409
410
411
412
413
414
415
416
417
418
419
420
421
422
423
424
425
426
427
428
429
430
431
432
433
434
435
436
437
438
439
440
441
442
444
445
446
447
448
449
450
451
452
453
454
455
456
457
458
459
460
461
462
464
465
466
467
468
469
470
471
472
473
474
475
476
477
478
479
480
481
482
483
484
485
486
487
