58 152 64382
1126
1261
1322
1783
2384
2510
3300
3584
3692
3781
4695
4808
5722
6256
7566
8158
8464
8885
9076
9303
9313
9428
9613
10472
11547
11590
12462
12565
12644
13076
13441
13542
14349
14508
14518
14630
14750
15751
15991
16226
17459
17824
18054
18206
18419
18869
19179
19370
19898
20140
20398
20509
20728
20987
21604
21669
21867
23039
23104
23419
23552
23717
24230
24425
25291
25737
25764
26056
27173
27204
27735
27913
28693
29705
29750
30173
30340
30578
30646
30927
31344
31546
32524
32541
32873
33158
33808
34129
34161
34428
34560
35015
36166
36832
36978
37257
37555
37572
37792
37908
38043
38592
38686
38908
39154
39603
39988
43002
43179
43364
44183
44253
44282
44894
44925
45598
45823
45860
45940
45945
47029
47914
48148
48287
48465
48689
49549
49774
51126
52313
53264
53508
53886
54573
55937
56698
56966
57710
57973
58458
58811
59237
59741
60300
61046
61600
61827
62087
63012
63248
63368
63960
1
6
7
8
9
10
12
15
17
20
21
22
28
31
35
37
39
42
43
51
52
53
57
59
60
68
70
71
72
75
80
85
89
95
102
103
107
110
111
112
116
122
123
124
125
127
128
130
133
135
139
140
141
144
147
148
149
150
