489 498 99800
113
163
381
460
491
573
751
872
1101
1137
1574
1672
1725
1937
2471
2486
2579
2608
2826
2946
3010
3069
3134
3180
3270
3380
3596
3845
3991
4111
4180
4329
4603
4735
4944
5155
5267
5393
5507
5876
5967
6091
6641
6650
7428
7461
7657
7771
7803
7830
7886
8239
8917
9818
10102
10224
10324
10326
10637
11250
11741
11871
12420
12571
12726
12805
13048
13210
13270
13298
13663
13688
13850
14041
14095
14425
14468
15454
15617
15855
15913
15919
16139
16203
16782
16825
17005
17247
17464
17694
17717
17793
17995
18121
18174
18198
18227
18410
18445
18733
18924
19213
19273
19297
19331
19616
19880
19927
20282
20300
20395
20407
20660
20710
20732
20855
20881
21980
22262
22395
22451
22539
22713
22988
23868
23924
24077
24085
25075
25123
25677
25887
26288
26379
26459
26678
26763
27390
27514
27604
27685
27841
28032
28208
28636
29003
29099
29259
29618
29655
30245
30293
30490
30658
30758
30979
30987
31089
31150
31188
31274
31692
31788
32032
32432
33024
33059
33109
33411
33542
33582
33684
33829
33954
34236
34366
34606
35750
35757
35762
35837
35926
36283
36313
36412
36717
37483
37625
37829
37860
38195
38468
38614
38623
38940
38985
39265
39535
39615
39781
39824
39890
39985
40163
40745
41027
41570
41587
41671
41680
41763
41919
41998
42677
42680
42766
42842
42968
43035
43267
43346
44146
44289
44422
45048
45200
45222
45306
45510
45711
45920
45970
46058
46153
46592
46705
46802
46839
47138
47439
47554
47619
48078
48274
48382
48590
48883
49050
49291
49671
49868
49985
50050
50104
50252
50524
50588
50825
50842
50917
51259
52026
52099
52109
52116
52467
52614
52855
53694
53700
53826
53835
54135
54310
54583
54745
54795
54843
55113
55182
55498
55596
55985
56092
56138
56217
56242
56736
57071
57104
57112
57261
57267
57494
57531
57729
58242
59184
59208
59388
59466
59609
59619
59893
60519
60684
60769
61030
61121
61144
61187
61234
61305
61417
61573
61831
61927
62301
63023
63228
63310
63315
63365
63722
63739
63865
64002
64463
64556
64621
64777
64814
64928
65138
66305
67196
67297
67315
67475
67702
67810
67834
67869
67874
68007
68037
68522
69006
69216
69981
70172
70223
70810
70923
71254
71511
72809
72864
72978
73279
73289
73509
73862
73874
74135
74328
74454
74571
75047
75075
75156
75199
75276
75352
75459
75533
75568
75809
75975
75981
76159
76179
76270
76316
76394
76401
76413
76667
76704
76846
77139
77888
78561
78881
79074
79358
79701
80129
80209
80256
80467
80490
80554
80562
80616
80631
80669
80834
81047
81648
81685
81753
81819
81938
82010
82340
82934
83120
83130
83464
83848
83951
84723
84780
84840
84868
85090
85286
85506
85542
85755
85814
85830
85937
86179
86282
86396
86427
86451
86562
86851
86892
86926
86932
87086
87271
87376
88172
88717
88902
89126
89225
89345
89931
89935
89983
90300
90572
91296
92200
92261
92349
92886
92890
92926
93288
93369
93909
94611
95237
95305
95375
95457
95472
95693
95722
95912
95975
95995
96229
96333
96636
96679
96904
97010
97046
97598
97627
97795
97844
98086
98672
99132
99307
99557
99570
99572
99587
1
2
3
4
5
6
7
8
9
10
11
12
13
14
15
16
17
18
19
20
21
22
23
24
25
26
27
28
29
30
31
32
33
34
35
36
37
38
39
40
41
42
43
44
45
46
47
48
49
50
51
52
53
54
55
57
58
59
60
61
62
63
64
65
66
67
68
69
70
71
72
73
74
75
76
77
78
79
80
81
82
83
84
85
86
87
88
89
90
91
92
93
94
95
96
97
98
99
100
101
102
103
104
105
106
107
108
109
110
111
112
113
114
115
116
117
118
119
121
122
123
124
125
126
127
128
129
130
131
132
133
134
135
136
137
138
139
140
141
142
143
144
145
146
147
148
149
150
151
152
153
154
155
156
157
158
159
160
161
162
163
164
165
166
167
168
169
170
171
172
173
174
175
176
177
178
179
180
181
182
183
184
185
186
187
188
189
190
191
192
193
194
195
196
197
198
199
200
201
202
203
204
205
206
207
208
209
210
211
212
213
214
215
216
217
218
219
220
221
222
223
224
225
226
227
228
229
230
231
233
234
235
236
237
238
240
241
242
243
244
245
246
247
248
249
250
251
252
254
255
256
257
258
259
260
261
262
263
264
265
266
267
268
269
270
271
272
274
275
276
277
278
279
280
281
282
283
284
285
286
287
288
289
290
291
292
293
294
295
296
297
298
299
300
301
302
303
304
305
306
307
308
309
310
311
312
313
314
315
316
317
318
319
320
321
322
323
324
325
326
327
328
329
330
331
332
333
334
335
336
337
338
339
340
341
342
343
344
345
346
347
348
349
350
351
353
354
355
356
357
358
359
360
361
362
363
364
365
366
367
368
369
370
371
372
373
374
375
376
377
378
379
380
381
382
383
384
385
386
387
388
389
390
391
392
394
395
396
397
398
399
400
401
402
403
404
405
406
407
408
409
410
411
412
413
414
415
416
417
418
419
420
421
422
423
424
425
426
428
429
430
431
432
433
434
435
436
437
438
439
440
441
442
443
444
445
446
447
448
449
450
451
452
453
454
455
456
457
458
459
460
461
462
463
464
465
466
467
468
469
470
471
472
473
474
475
476
477
478
479
480
481
482
483
484
485
486
487
488
489
490
491
492
493
494
495
496
497
498
