407 413 50967
76
207
275
478
589
772
788
837
1243
1268
1305
1498
1504
1739
1791
1826
1861
2053
2235
2349
2428
2604
2664
3007
3060
3133
3187
3329
3430
3790
3918
4047
4481
4718
5229
5302
5339
5365
5426
5522
5662
6064
6310
6337
6383
6441
6452
6638
7043
7130
7134
7307
7371
7416
7478
7502
7567
7897
7944
8057
8067
8239
8588
8793
9075
9086
9252
9304
9405
9584
9668
10093
10240
10344
10385
10404
10563
10685
10882
10991
11002
11052
11202
11267
11308
11340
11349
11421
11451
11572
11856
11998
12056
12168
12172
12187
12561
12682
12699
12932
13110
13472
13593
13685
13786
14028
14136
14335
14457
14642
14789
14791
15007
15155
15193
15253
15263
15339
15360
15382
15420
15511
15733
15735
15916
16117
16166
16393
16437
16897
17354
17613
17642
17781
17861
18168
18175
18698
18983
19006
19108
19229
19776
19877
20148
20450
20842
20965
21017
21114
21204
21573
21739
21755
21761
21766
21883
22231
22295
22359
22537
22730
22765
22769
22929
23118
23143
23192
23350
23375
23520
23547
23785
23901
24005
24052
24133
24204
24217
24264
24358
24399
24614
24666
24764
24848
25043
25245
25262
25480
25643
25785
26113
26370
26406
26446
27024
27086
27106
27130
27420
27530
27805
28114
28127
28129
28244
28273
28290
28305
28319
28642
28672
28776
28814
28954
28977
29008
29030
29231
29311
29500
29511
29626
29638
29693
29898
30303
30373
30526
30792
31032
31066
31077
31209
31862
31975
32002
32229
32262
32323
32453
32604
32710
32955
32993
33048
33057
33473
33656
33679
33686
33720
33751
33786
33792
33861
33889
33985
34095
34116
34309
34470
34665
34684
34807
34866
34874
35054
35132
35267
35423
35705
35888
35906
35956
36064
36084
36127
36168
36316
36405
36485
36625
36683
36731
36833
36837
37160
37198
37201
37217
37411
37547
37608
37656
37899
37976
38010
38076
38110
38152
38176
38351
38461
38587
38693
38920
38936
39020
39043
39164
39476
39546
39668
39748
39789
39872
40069
40079
40242
40372
40387
40556
40660
40760
41212
41578
41808
41909
42057
42080
42098
42148
42334
42360
42434
42500
42582
42890
42917
42986
43266
43297
43334
43573
43808
43920
44247
44283
44331
44388
44630
44733
45104
45116
45196
45277
45321
45367
45556
45560
45614
45637
45900
45904
45969
46009
46203
46241
46242
46462
46553
46817
46919
46974
47034
47039
47245
47643
47792
47841
47913
48099
48137
48271
48272
48381
48479
48820
48849
48871
48873
48874
49185
49200
49211
49298
49482
49624
49669
49762
49893
49913
50072
50085
50369
50407
50545
50564
50644
50653
50955
1
2
3
4
5
6
7
8
9
10
11
12
13
14
15
16
17
18
19
20
21
22
23
24
25
26
27
28
29
30
31
32
33
34
35
36
37
38
39
40
41
42
43
44
45
46
47
48
49
50
51
52
53
54
55
56
57
58
59
60
61
62
63
64
65
66
67
68
69
70
71
72
73
74
75
76
77
78
79
80
81
82
83
84
85
86
87
88
89
90
91
92
93
94
95
96
97
98
99
100
101
102
103
104
105
106
107
108
109
110
111
112
113
114
115
116
117
118
119
120
121
122
123
124
125
126
127
128
129
130
131
132
133
134
135
136
137
138
139
140
141
142
143
144
145
146
147
148
149
150
151
152
153
154
155
156
157
158
159
160
161
162
163
164
165
166
167
168
169
170
171
172
173
174
175
176
177
178
179
180
181
182
183
184
185
186
187
188
189
190
191
192
193
194
195
196
197
198
199
200
201
202
203
204
205
206
207
208
209
210
211
212
213
214
215
216
217
218
219
220
221
222
223
224
225
226
227
228
229
230
231
232
233
234
235
236
237
238
239
240
241
242
243
244
245
246
247
248
249
250
251
252
253
254
255
256
257
258
259
260
261
262
263
264
265
266
267
268
269
270
271
272
273
274
275
276
277
278
279
280
281
282
283
284
285
286
287
288
290
291
293
294
295
296
297
298
299
300
301
302
303
304
305
306
307
308
309
310
311
312
313
314
315
316
317
318
319
320
322
323
324
325
326
327
328
329
330
331
332
333
334
335
336
337
338
339
340
341
342
343
344
345
346
347
348
349
350
351
352
353
355
356
357
358
359
360
362
363
364
365
366
367
368
369
370
371
372
373
374
375
376
377
378
379
380
381
382
383
384
385
386
387
388
389
390
391
392
394
395
396
397
398
399
400
401
402
403
404
405
406
407
408
409
410
411
412
413
