958 983 747974
41
404
560
2804
3228
3560
4043
4090
4174
5436
5447
5868
6213
6317
7066
7460
7543
9613
11951
12678
15587
16287
18989
20965
21130
21673
21800
22014
22344
22426
23023
23095
24130
24578
26294
27470
27610
27695
29111
31011
31056
31901
32362
33455
33464
35203
36393
36596
36763
36774
38361
38859
39168
40091
40715
40744
41807
41944
43486
44406
44926
45234
46484
46793
47245
47380
47426
48527
52436
53528
56245
58168
58304
58447
58930
60093
60323
60557
61583
62044
64411
64978
65184
65941
68446
69040
69255
69787
70141
70322
70479
70674
71293
73024
73041
73415
75281
75644
76874
77223
77480
78287
78758
80775
81027
83564
83691
84280
84871
85438
87057
87451
88036
88365
88481
89150
89394
90496
94082
94185
94911
95127
96747
97344
97495
98035
98599
98923
100380
100632
100778
101172
101196
101233
101332
101707
102173
104113
104162
105783
106576
106754
107592
109008
109123
109337
109365
110879
112064
113512
114162
114793
115526
116712
118067
118230
118706
118754
120883
122614
123320
123892
124722
126522
126550
126687
127080
127966
128117
129142
129815
132120
132173
132565
134567
135144
136329
137585
138501
138549
138644
139324
140951
141557
141778
142779
142899
142970
144194
144223
146531
146717
149305
150412
151653
151924
152069
153727
154180
154698
155347
155680
157439
157732
157853
158372
158544
159264
160627
162336
162735
162797
164826
164904
165376
165418
166152
168413
168728
169659
170330
170918
170937
171440
171798
171980
174248
176686
176737
176841
178148
178655
179285
181059
181902
181999
182236
182811
183273
184285
185235
186081
186176
187158
187402
187815
188378
188608
189589
190533
190627
190945
192446
192665
193779
194511
194638
195635
197258
197433
198489
198629
200862
202690
203267
203775
204283
205045
205506
206262
206689
207812
208054
208607
208980
209065
209236
209372
209394
213250
214450
214531
214708
214890
215713
216196
217347
217448
217467
218150
218361
218758
219266
220352
220559
221771
222725
224385
225949
227741
228651
228861
229114
233104
233165
234634
235158
235745
235884
236505
237042
237244
240853
243329
243475
244174
244497
245925
246378
246441
246526
247058
247959
247971
248488
248515
248945
249119
249705
249935
250296
252170
252290
252567
253285
253683
254498
254910
255617
255770
256113
257830
258953
259652
261550
262306
262548
264034
265185
265521
265628
265685
265945
266718
267721
268297
268843
269337
269416
269894
271601
276338
276655
276897
277509
279256
280647
280673
280700
281786
282306
283102
283742
287436
287483
288986
291879
292045
292438
292619
292901
294033
294170
295142
298246
298887
299280
300835
301996
302566
302913
303882
304266
305968
306483
308260
309062
309331
309373
309493
310908
312824
313408
313699
315383
315898
316791
317407
319125
319718
321394
322076
322344
322615
323393
323702
326557
328491
329205
329884
331083
331670
332139
332293
332995
334554
334908
335041
335096
335285
335701
336343
336908
337602
337616
338330
341704
343233
344107
344383
344894
345347
345641
346806
347798
349682
350005
352046
352291
352931
353456
353636
361227
361799
362339
362373
362657
362903
364014
364787
365268
366001
366417
368073
368697
369535
369828
371275
371463
371540
371910
372396
372869
373651
374628
375698
375869
376364
376722
376785
377101
377831
378772
379214
379824
380937
383288
384030
384803
385855
385895
386786
388354
389758
390404
390935
391198
391795
392369
392637
393535
394771
394823
396719
396735
397108
397653
398781
399060
399440
399928
402844
402851
403453
404713
406706
406794
407265
407756
407848
408793
408799
409095
409154
409341
409633
413335
413681
414290
414745
417189
417349
421484
422051
423276
423595
424057
424333
425101
425225
426337
427104
428168
428600
429139
431344
432902
433788
434324
435412
435485
436021
436286
436319
437391
437754
438735
439099
439408
440072
441392
444302
445545
446378
446618
446987
447424
447942
448256
448827
449619
452561
454672
455443
455906
456401
456894
457303
458629
460093
460832
461799
464142
464374
464632
464895
465155
465693
466072
466526
466593
466714
469036
469324
470108
470414
470645
471724
473187
473407
473609
475333
475380
475872
477849
478014
478629
478988
479030
479131
479522
480197
480793
480859
481136
481194
481474
481686
482358
484107
484768
485048
485501
486009
486837
487677
487846
488648
489505
489971
490085
490353
490602
490797
491366
491562
491623
493032
494435
494653
494724
495444
495687
495879
496567
497164
497771
498305
499132
501529
501865
502355
502456
502560
504372
504991
506082
507562
508843
510498
512549
512644
513297
513912
514370
514503
514758
516580
517871
519789
520378
521379
522278
522751
522907
524217
524751
525844
525968
526323
527794
528064
528564
528571
529447
530929
531142
531338
532671
533080
534517
534936
537681
539163
539706
539772
540415
541938
542444
542531
542640
543807
544998
545221
546432
546476
546510
549703
550284
551854
552386
552884
552941
553279
554079
554297
554361
555271
555539
556205
556769
558996
559101
559417
560264
560780
561405
561432
561514
561548
562288
563470
563496
564465
564831
565428
566146
566488
566913
568197
569648
569834
569993
570682
570916
571255
571772
573409
573514
574045
574651
576472
578344
578466
578850
579277
579778
580160
580673
581657
583030
583197
583530
585142
585360
585444
586333
587365
589263
589970
590814
591412
592189
592470
594872
595056
595117
596021
596342
596765
596788
597022
597723
598835
598969
599907
601139
602874
602955
605548
605616
605819
605940
606069
606234
607743
608004
608199
609272
609367
609652
609688
611325
611508
613002
614673
615110
615186
615384
615433
615536
615548
616261
617072
617138
617227
617284
619896
623065
623081
624866
625727
626050
626209
628242
628951
630193
630603
633460
633474
634769
634962
635249
635269
636152
636261
636846
637056
637325
637915
637916
638059
638763
641478
642161
643011
643200
643402
644082
644836
646227
647112
647238
647346
647651
647679
649664
650125
650940
651757
652170
652346
652543
653105
654209
655973
657495
657704
657815
659274
659771
660724
662557
662850
663070
665188
667910
667911
668755
669091
669589
669903
671476
672787
673450
673696
675198
675529
676011
679702
679776
680074
680806
682119
683197
685520
685909
687194
687731
687988
688250
691220
692793
693195
694199
694368
694437
694995
695313
695596
696763
697100
697583
698715
698767
699985
699997
700438
700663
700983
702145
702929
703450
703746
703922
705322
707370
708359
708965
709165
709923
710053
711697
712065
712292
712515
712561
714462
714971
715365
715414
716333
716664
716899
716901
718756
719071
720690
721756
721931
722520
724920
726568
726760
726903
728177
728668
728800
729105
729254
729747
729880
730765
731225
731954
733392
734584
735383
735628
737739
738130
741195
741278
741364
741511
742071
742395
744233
744312
744481
744553
746177
746925
1
2
3
4
5
6
7
8
9
10
11
12
13
14
15
16
17
18
19
20
21
22
23
24
25
26
27
28
29
30
31
32
33
34
35
36
37
38
39
40
41
42
43
44
45
46
47
49
50
51
52
53
54
55
56
57
58
59
60
61
62
64
65
66
67
68
69
70
71
72
73
74
75
76
77
78
79
80
81
83
85
86
87
88
89
90
91
92
93
94
95
96
97
98
99
100
101
102
103
104
105
106
107
108
109
110
111
112
113
114
115
116
117
118
119
120
121
122
123
124
125
126
127
128
130
131
132
133
134
135
136
137
138
139
140
141
142
143
144
145
146
147
148
149
150
151
152
153
154
155
156
157
158
159
160
161
162
163
164
165
166
167
168
169
170
171
172
173
174
175
176
177
178
179
180
181
182
183
184
185
186
187
188
189
190
191
192
193
194
195
196
197
198
199
200
201
202
203
204
205
206
207
208
209
210
211
212
213
214
215
216
217
218
219
220
221
222
223
224
225
226
227
228
229
230
231
232
233
234
235
236
237
238
239
240
241
242
243
244
245
246
247
248
249
250
251
252
253
254
255
256
257
258
259
260
261
262
263
264
265
266
267
268
269
270
271
272
273
274
275
276
277
278
279
280
281
282
283
284
285
286
287
288
289
290
291
292
293
294
295
296
297
298
299
300
301
302
303
304
305
306
307
308
309
310
311
312
313
314
315
316
317
318
319
320
321
322
323
324
325
326
327
328
329
330
331
332
333
334
335
336
337
338
340
341
342
343
344
345
346
347
348
349
350
351
352
353
354
355
356
357
358
359
360
361
362
363
364
365
366
367
368
369
370
371
372
373
374
375
376
377
378
380
381
382
383
384
385
386
387
388
389
390
391
392
394
395
396
397
398
399
400
401
402
403
404
405
406
407
408
409
410
411
412
413
414
415
416
417
418
419
420
421
422
423
424
425
426
427
428
429
430
431
432
433
434
435
436
437
438
439
440
441
442
443
444
445
446
447
448
449
450
451
452
454
455
456
457
458
459
460
461
462
463
464
465
466
467
468
469
470
471
472
473
474
475
476
477
478
479
480
481
482
483
484
485
486
487
488
489
491
492
493
494
495
496
497
498
499
500
501
502
503
504
505
506
507
508
509
510
511
512
513
514
515
516
517
518
519
520
521
522
523
524
525
526
527
528
529
530
531
532
533
534
535
536
537
538
539
540
541
542
543
544
545
546
547
548
549
550
551
552
553
554
555
557
558
559
560
561
562
563
564
565
566
567
568
569
570
571
572
573
574
575
576
577
578
579
580
581
582
583
584
585
586
587
588
589
590
591
592
593
594
596
597
598
599
600
601
602
603
604
605
606
607
608
610
611
612
613
614
615
616
617
618
619
620
621
622
623
624
625
626
627
628
629
630
631
632
633
634
635
636
637
638
639
640
641
642
643
644
645
646
647
648
649
650
652
653
654
655
656
657
658
659
660
661
662
663
664
665
666
667
668
669
670
671
672
673
674
675
676
677
678
679
680
681
683
684
685
686
687
689
690
691
692
693
694
695
696
697
698
699
700
701
702
703
704
705
706
707
708
709
710
711
712
714
715
716
717
718
719
720
721
722
724
725
726
727
728
729
730
731
732
733
734
735
736
737
738
739
740
741
742
743
744
745
746
747
748
749
750
751
752
753
754
755
756
757
758
759
760
761
762
763
764
765
766
767
768
769
770
771
772
773
774
775
776
777
778
779
780
781
782
783
784
786
787
788
789
790
791
792
793
794
795
796
797
798
799
800
801
802
803
804
805
806
807
808
809
810
811
812
813
814
815
816
817
818
820
821
822
823
824
825
826
827
828
829
830
831
832
833
834
835
836
837
838
840
841
842
843
844
845
846
847
848
849
850
851
852
853
854
855
856
857
858
859
860
861
862
863
864
865
867
868
869
870
871
872
873
874
875
876
877
878
879
880
881
882
883
884
885
886
887
889
890
891
892
893
894
895
896
897
898
899
900
901
902
903
904
905
906
907
908
909
910
911
912
913
914
915
916
917
918
919
920
921
922
923
925
926
927
928
929
930
931
932
933
934
935
936
938
939
940
941
942
943
944
945
946
947
948
949
950
951
952
953
954
955
956
957
958
959
960
961
962
963
964
965
966
967
968
969
970
971
972
973
974
975
976
977
978
979
980
981
982
983
