632 729 1964734
3047
3428
3553
5359
18429
27176
33830
36323
36588
41473
46591
47737
48346
49498
50029
52036
57896
64305
65855
67951
69388
70300
70610
71610
73272
75786
77484
80203
80610
82915
83592
84236
88451
90086
90229
92256
94364
94908
94926
97083
99902
100042
102177
108112
110459
110701
112691
114284
115190
120808
122533
124451
124842
127092
130046
132632
133023
133408
133542
134789
135530
136322
138461
139906
141400
151978
154054
154184
155834
155977
156645
157338
162723
163660
163869
167599
169852
170060
172219
175414
176967
178675
180594
181494
182570
185400
187843
194247
195901
196001
198558
201875
203012
207135
208509
209901
210161
211960
216067
216989
218977
219381
220227
225737
229341
229614
229807
234418
236463
239783
244952
245705
252160
254261
254835
259406
260363
261201
261395
262734
264955
267545
270774
270898
271790
276730
277955
290224
290532
294743
294762
295186
295563
295737
310268
316566
316653
317738
318877
320758
327230
329330
330725
332382
332662
335407
338428
338571
340215
342675
352939
356886
360090
360203
360369
363058
365355
366817
383055
383299
387348
396619
397668
402402
403337
403872
406138
412320
413221
415775
417993
420526
422626
422934
424950
426219
427617
432763
440321
441163
443433
450631
451625
452671
458887
459375
465507
468635
477424
478677
481916
486173
487504
491444
493396
500577
501379
502150
504204
505139
518505
525303
526022
526644
530584
545683
549556
554447
557754
558810
565586
568056
569219
570251
571590
572971
575538
581321
582064
584857
587156
592906
595786
596961
597161
597694
601023
605219
618517
621170
621949
622789
627818
631472
637542
638099
640549
651759
654446
656494
660289
660326
660517
660542
661984
663928
663953
665875
667142
667799
670568
672157
677022
687632
689042
691999
693926
694589
700820
701069
702929
704196
710884
712685
714450
717733
724770
726807
733560
737484
746883
749636
752694
757052
762053
766135
768754
770816
772529
776004
778260
781268
786262
786281
786414
790888
792959
795374
796511
798496
800710
802623
805428
806594
807325
807416
808015
810298
811201
813618
815248
815530
817756
819225
823172
825620
827541
830249
830708
833647
834358
836658
836684
842655
849335
861574
863399
864842
868057
871143
875572
879093
880849
880968
881098
881268
884812
887438
887450
890248
898930
901463
907676
910687
913126
913296
916609
919217
919555
925123
927487
929395
933936
946440
951744
953726
958760
964647
966733
969653
970391
972432
973570
975146
975973
978277
984291
985175
985322
986753
986896
995181
997847
1003365
1007469
1012218
1012776
1014367
1015880
1016036
1018189
1021501
1022338
1022573
1024437
1027653
1028464
1029007
1035098
1042069
1046012
1046848
1048958
1052804
1053991
1054133
1055002
1055057
1063739
1063913
1063965
1065794
1067951
1070736
1071823
1072625
1079973
1084954
1086047
1090334
1094862
1096362
1096606
1097316
1099575
1104477
1105507
1107607
1108246
1113631
1116174
1117743
1119029
1119161
1121328
1123011
1127098
1135053
1139499
1141991
1143454
1149261
1154868
1155590
1158372
1160495
1164484
1164498
1166119
1172105
1172657
1173546
1174164
1176116
1176905
1178155
1178612
1180170
1187736
1187983
1189163
1189767
1193621
1193703
1194727
1194762
1195847
1196419
1198615
1198714
1201803
1202287
1204941
1206379
1211598
1213440
1217026
1217244
1217593
1218139
1218805
1221013
1223433
1226150
1226752
1227441
1229701
1230309
1235210
1235795
1236268
1236460
1236500
1240151
1242028
1242409
1242935
1246827
1255595
1258581
1266397
1266436
1267092
1269746
1274128
1290587
1292961
1293194
1293748
1294296
1295966
1297088
1306830
1307150
1309332
1309429
1309913
1310245
1310942
1311258
1311345
1313114
1323784
1328819
1330906
1331541
1331873
1333372
1333386
1338312
1342265
1344402
1344945
1345289
1345950
1347357
1347692
1353988
1362305
1363635
1365884
1373376
1377079
1379484
1379948
1386026
1392673
1396832
1397796
1398160
1404108
1404704
1406275
1409624
1411304
1425659
1426019
1428155
1431291
1431302
1432900
1434345
1440946
1443194
1445185
1448161
1455886
1456217
1457908
1460497
1460676
1462335
1462406
1465026
1466114
1467494
1468548
1472848
1474910
1476328
1476667
1478764
1479766
1482316
1482821
1483220
1483456
1488674
1495605
1500255
1504344
1506395
1508688
1514963
1516046
1520841
1529802
1533261
1539477
1552819
1555842
1557613
1558472
1559767
1563635
1565354
1565472
1570536
1574541
1575212
1576400
1581821
1582304
1586301
1588585
1595770
1605454
1607574
1607815
1610553
1610752
1611068
1613606
1614041
1622668
1627505
1628596
1633223
1636539
1636746
1639432
1641947
1642428
1642449
1643474
1649570
1651939
1652627
1666682
1668137
1669307
1670196
1672455
1672912
1674740
1679965
1680680
1684798
1685077
1685364
1688544
1689040
1690645
1692415
1699350
1707813
1711268
1712652
1715641
1716701
1721622
1722606
1722723
1726050
1730163
1732390
1733642
1742579
1744491
1746684
1751302
1759362
1763709
1763850
1766792
1770643
1772018
1773059
1776931
1777047
1783608
1794969
1796598
1802620
1817162
1821146
1822325
1823756
1824969
1826472
1826909
1827066
1827826
1830408
1834981
1835163
1844460
1846545
1849354
1850428
1857195
1859719
1861291
1862406
1863140
1863649
1864686
1865817
1867159
1874911
1879265
1880248
1887315
1894214
1896527
1897701
1908529
1911069
1913588
1917010
1917075
1917126
1917739
1917975
1919021
1920804
1923576
1926747
1927504
1928109
1928840
1930032
1932989
1933070
1939126
1944644
1947565
1949197
1952500
1952604
1953625
1955831
1956657
1959065
1959158
1960559
1960805
1962053
1964475
2
3
4
5
7
8
9
10
11
12
14
15
16
17
18
19
20
21
22
23
24
25
26
28
29
30
31
32
33
34
35
36
37
38
39
40
41
45
46
47
49
51
52
53
55
56
57
58
59
60
61
62
63
64
65
66
67
68
69
70
71
72
74
75
76
78
79
80
81
82
83
84
85
86
88
89
90
92
93
95
96
97
98
99
100
101
102
103
104
106
107
108
109
111
112
113
114
115
116
117
118
119
120
121
123
124
125
126
127
128
129
131
132
133
134
135
136
137
138
139
140
141
142
143
144
145
146
147
148
150
151
152
154
155
157
158
159
160
162
164
165
166
167
168
169
170
171
172
173
174
175
176
177
178
179
180
181
182
183
185
186
187
188
189
190
191
192
193
194
195
196
197
198
199
200
201
202
204
205
206
207
208
209
210
211
212
213
214
215
216
217
218
220
221
222
223
224
225
226
227
228
229
230
231
232
233
234
235
236
237
238
239
240
241
243
244
248
249
250
251
252
253
254
256
257
258
259
260
261
262
263
264
265
266
267
268
269
270
271
272
273
274
275
276
277
279
280
281
283
284
285
286
287
288
290
291
292
293
295
297
298
299
300
301
302
303
304
305
306
307
308
309
310
311
312
314
315
316
318
320
321
322
323
324
325
326
327
328
329
330
331
332
333
335
336
337
338
339
340
341
342
343
344
345
346
347
348
349
350
351
354
355
358
359
360
361
362
363
364
365
366
367
368
369
370
371
372
373
375
376
377
378
379
380
381
382
384
385
386
387
388
389
390
391
392
393
394
397
398
399
400
401
402
403
406
407
408
409
411
412
414
415
416
417
418
419
420
421
422
423
424
425
426
427
428
429
430
431
432
433
434
436
437
438
439
440
441
442
443
444
445
446
447
448
449
450
451
452
453
454
455
456
457
459
460
461
462
464
466
467
468
469
470
471
472
474
475
476
477
478
479
480
481
482
483
484
485
486
487
488
489
490
491
492
494
495
496
498
499
501
502
503
504
505
506
507
508
509
510
511
512
513
516
517
518
519
520
521
522
524
525
526
528
529
530
531
532
534
535
536
537
539
544
545
546
547
548
550
551
552
553
555
556
557
558
559
560
561
562
563
564
565
566
567
568
569
570
571
572
573
574
575
578
580
581
584
585
587
588
590
591
592
593
594
595
596
597
599
600
601
602
604
605
606
607
608
609
610
611
612
613
615
616
617
618
619
620
622
624
625
627
628
629
630
631
632
633
634
635
636
637
638
640
641
642
643
644
645
646
647
648
649
650
651
652
653
654
655
656
657
658
659
660
661
662
663
665
666
667
669
670
671
672
673
674
675
676
677
678
679
680
681
682
683
685
686
688
689
690
691
692
693
694
695
696
698
699
700
701
702
703
704
705
706
707
708
709
710
711
712
715
717
718
719
720
721
722
723
724
725
726
729
