367 630 417796
16
197
1296
1520
1666
1730
2001
2115
3717
4549
4562
4580
4943
4962
5199
5671
6691
7187
7493
8331
8512
10128
10279
12145
12586
12673
13088
13850
14736
15417
16508
19159
19322
19425
20351
20751
21289
21878
22050
23393
23442
23758
24632
24661
26488
27252
27352
27750
27938
28252
28407
28591
28755
28971
30234
30497
31148
31275
31423
31809
32062
32220
33027
33055
34397
34576
35883
37033
37240
38583
39126
40618
40682
40887
41990
42456
42561
42899
43194
43682
43792
44691
45884
46973
47005
47766
49744
52555
52667
53336
53553
53962
55154
56071
57279
58168
58505
58930
59037
59253
60172
60512
60680
60795
61581
61623
61932
63330
63840
64490
65439
65674
67624
68572
68761
68954
69396
70661
70754
71358
71512
71862
72233
72555
73653
74442
75120
75398
76645
77122
77865
77942
78016
79121
79290
79893
80813
80816
82183
83385
83842
85708
85942
86159
87784
87892
87901
88546
89155
91879
93361
94461
95009
95759
95950
96088
96214
97019
97811
98084
98651
98974
99051
99098
99154
99239
99299
101040
101093
101500
101870
102064
102079
102917
103003
104574
104862
105489
106349
107576
107732
107752
107840
107847
107859
108121
108130
108959
109374
110166
110203
111142
114168
114277
116318
117743
117763
117971
118456
120278
120891
122102
123106
123117
123325
123895
125834
126131
126323
126551
128486
130273
130718
130816
130852
131434
131696
132284
132627
133376
133532
134291
135894
136272
137537
137699
139223
139352
139440
140975
141223
142326
142429
142633
143664
143760
145041
145409
145553
146150
147192
147405
147702
147805
147909
148476
148846
149672
149889
149951
152763
153216
153450
155413
155863
157148
157663
158483
158972
160124
160216
160667
162347
162756
162770
163361
163439
163498
165197
166081
167892
169188
169217
169265
169324
169847
170186
170808
171508
171663
173633
174088
174997
175006
175554
176371
177021
177222
177978
178819
179004
179347
179767
179836
180321
181861
182102
185806
187271
187519
188044
188225
190364
190377
191029
191545
191554
194132
194908
194914
195005
195644
195648
196470
196905
197241
197681
198478
199046
200335
203401
203462
203929
204720
205058
205468
206124
206470
207892
207952
208121
209787
209995
210768
210849
211202
212438
212842
212858
213837
216862
217081
217424
218589
220397
223869
224735
225321
225997
226861
226969
227017
227684
227690
230647
231003
231609
231997
232925
233028
233813
234337
234411
234994
235043
235206
235337
236578
236659
237041
238810
238935
239756
240816
240890
242066
242711
244349
244572
245597
247161
247870
249008
249993
250579
250624
252017
252968
253406
255222
255225
255860
259338
260069
261149
262091
262129
262677
262716
263696
264537
264581
265019
265639
266681
266737
271108
271250
271373
272489
273022
273145
273320
276120
277035
277153
277548
278173
278369
279010
279358
279709
281151
282243
283124
283191
283270
284422
285094
285439
286562
287001
287841
288953
288993
289126
289440
289525
289604
291466
291779
292169
292254
292804
292949
294316
294755
295676
296495
296692
296696
299384
299648
300927
301092
301527
302125
302602
302722
302784
303828
304164
304800
305385
306654
306709
307237
307807
309028
311085
311132
311213
311229
311467
312311
312689
313259
313329
314403
314758
315798
316160
318314
318539
319264
319664
320795
321579
322393
322588
323128
324786
325620
329197
329417
329429
329476
329504
329836
330259
330604
330882
333026
333811
334242
335073
338097
339649
339710
341535
342044
343110
343755
344012
344857
345042
345252
345340
345641
345941
346631
346880
349350
351124
351687
352077
352185
352218
352399
352438
352598
354568
355436
356208
356234
356395
356937
359149
359297
359682
360123
362470
364406
364504
364631
364693
365054
365439
366434
366935
368016
368341
369512
369954
370030
372099
373145
373676
374533
374770
375231
376046
377202
377380
377403
378051
378145
379163
379260
379847
380219
381084
381548
382165
382450
382505
383108
383871
383938
384102
384840
385754
387549
388193
389792
389993
390808
391446
391691
391710
391831
391932
393039
393138
393493
393854
394121
394526
395734
396223
396609
397313
397688
398258
399148
399967
400051
400925
401157
402607
405093
405105
406076
407088
407378
407683
409539
409662
409761
410009
410262
410686
410879
411998
412601
412836
412838
414164
416886
416978
1
2
6
7
8
11
12
13
14
16
17
18
19
20
21
23
24
26
28
29
30
31
32
34
35
36
37
38
39
40
45
46
48
49
50
51
52
53
54
55
56
58
59
60
61
62
63
64
65
66
68
71
73
74
75
76
77
78
79
82
83
84
89
93
94
98
102
104
105
106
107
108
110
111
112
113
114
115
116
117
119
120
122
124
126
127
129
132
133
134
135
136
137
139
140
142
144
145
146
147
150
152
153
154
155
156
157
160
161
162
163
165
166
167
168
169
170
171
173
175
176
177
178
179
180
183
184
186
188
190
192
193
197
199
201
202
204
206
207
208
209
210
212
213
215
216
217
221
224
228
229
234
235
238
241
242
249
253
254
255
258
259
260
261
262
264
265
266
268
269
271
272
280
281
286
287
290
292
297
299
300
301
302
303
304
305
307
308
310
312
313
315
317
318
320
321
322
324
326
327
329
330
331
333
335
336
338
339
340
341
344
346
347
348
350
351
353
354
355
356
357
358
359
360
363
364
369
370
373
374
375
376
379
381
382
386
388
390
396
397
398
403
404
405
407
408
409
410
411
412
413
414
417
419
420
421
424
425
426
427
428
432
437
439
440
444
445
448
450
452
453
454
455
458
459
460
464
466
468
470
474
475
476
477
478
479
481
482
483
485
487
488
492
493
495
496
497
498
499
501
504
505
506
508
509
512
518
520
522
523
531
532
533
535
536
539
541
543
546
548
550
551
552
557
559
560
561
563
564
566
567
568
570
571
573
576
578
579
586
592
593
596
597
599
600
601
602
603
604
605
606
607
610
611
612
615
616
617
618
619
620
621
622
627
628
629
630
