78 202 1695097
4894
7832
10368
17743
25530
26536
29328
30094
39660
42024
43301
50926
51350
57629
62495
98837
119169
122531
129107
136181
139923
140485
156757
172848
174946
180582
193575
195275
211223
222381
225461
228604
232488
237257
239004
242862
245961
248940
259494
279219
293570
303689
303972
338967
351104
361868
373112
373343
386441
390076
396619
403575
408909
412234
420708
420743
428189
430394
430847
441605
448038
449183
456141
456950
458576
467904
472849
487523
488355
495536
497768
499620
500982
514366
515336
516668
523773
526844
540958
542579
550840
566896
570180
577311
586121
586427
604074
604624
606068
611298
620789
628962
636020
638362
651701
663924
673812
675515
699741
715677
721396
727311
728779
731954
739106
753081
764359
768792
771696
801166
805913
806508
824110
833333
844506
844929
849693
865676
874682
889451
889497
900799
902297
907457
931358
935177
947550
949279
963197
963682
971284
972254
975379
983256
988406
997800
1003788
1010919
1017161
1061042
1062678
1074633
1088381
1090371
1093348
1104015
1118956
1148259
1155001
1157214
1161712
1162600
1165882
1168235
1172547
1175538
1176990
1191003
1197856
1198184
1218155
1220393
1220996
1221419
1229959
1268515
1270902
1278924
1304145
1305216
1333860
1358506
1366602
1368184
1382766
1392923
1419475
1424652
1448109
1449807
1470728
1480440
1483847
1511745
1529199
1536213
1539232
1545764
1564560
1573793
1581142
1595262
1596721
1604718
1604792
1624323
1626413
1645255
1645664
1650726
1666848
1688022
3
7
8
9
10
11
13
18
19
24
31
33
37
38
39
42
43
44
45
48
50
51
61
62
63
66
67
68
71
78
84
85
87
88
91
92
95
96
103
104
107
108
111
112
113
115
116
117
122
125
132
133
136
137
140
143
144
146
149
151
155
156
157
162
163
165
167
169
173
179
180
181
182
183
187
188
194
195
