446 641 1505685
105
519
5564
6913
11271
19063
25105
27754
29108
30477
30619
31823
32052
33616
35162
35501
36744
39330
40938
41308
42416
44368
46516
46770
50164
51434
51971
52371
53820
55521
56139
59247
61574
65568
66620
75491
75494
76649
80288
81713
83140
84036
91397
96136
97992
102092
102519
104816
104970
105580
105789
110365
112051
112832
116706
123227
125761
129977
130469
131629
136730
136833
141862
141993
148989
149210
150796
163516
165759
168151
173319
173905
176428
181641
192071
193827
194176
196109
196132
202174
204455
210681
210887
212225
215148
217021
222082
222265
222791
226425
227056
227215
227308
229700
231060
232053
233733
234699
237657
240371
241245
243244
243327
243531
244505
246341
248379
249344
251141
251387
253524
254737
256605
261345
264187
265027
272941
274179
275925
280849
282124
282512
288359
289713
290916
295685
298224
300973
301570
301834
305400
307198
308966
310081
312655
313137
316462
318525
318766
322400
323866
329964
336117
337828
339649
340520
344743
347522
348033
352765
359183
361573
362682
363565
373420
376312
379588
383809
384123
384141
386380
389043
389483
390695
393936
396367
401365
402679
403568
415934
418273
419023
422452
424659
427840
431694
432170
432327
433917
436478
437248
439371
439892
442573
443819
447034
447789
450189
450411
450637
452512
455040
458099
459331
459912
470727
470788
470915
475738
479460
480214
481986
482079
484254
484961
487639
490934
491582
492043
495311
496603
496888
501410
503370
503850
508005
513691
514240
517359
517981
519173
519698
520601
521601
521766
522487
522616
523933
524827
528070
529171
532807
535087
535908
536206
540348
541457
546982
548251
548584
548854
549465
551319
552556
552705
553945
559090
562533
563459
563833
565182
568342
572082
576172
597015
599239
610180
612087
612243
612471
617634
620706
621691
622393
622583
623119
624138
635438
640100
640662
642561
642953
644726
646461
647324
647529
649525
651999
655599
655778
655783
659975
660046
660702
664467
668341
669243
669594
673368
673589
675005
676727
682561
683732
685305
685489
687079
689924
692471
693788
694255
698341
699086
701848
703776
704447
710416
710850
714050
714060
714672
716642
720713
725901
725980
727273
729531
729781
734984
738689
746529
746581
748564
758744
761932
762142
762469
764178
767581
769407
771564
771719
771987
776900
779765
783361
785803
788085
798691
801924
804339
806749
806995
808002
809551
811264
812831
813297
817464
819427
820270
826419
827646
834250
834438
835236
835817
835965
842208
842787
846591
848333
853177
871517
872958
882651
883337
887284
887774
892161
893855
894819
895560
897008
897724
898640
899685
902635
906065
908396
912647
914779
915847
921686
923509
926495
928029
928772
931557
939196
939508
941311
943589
944949
948452
952829
953883
954757
955282
957703
960532
962435
971197
971315
972122
972424
982641
990037
990608
990700
990862
991534
993712
994561
996494
1000215
1002822
1004593
1006678
1012531
1014170
1014698
1018864
1019184
1020134
1022574
1022809
1024192
1024845
1024918
1025278
1027496
1031284
1033375
1033444
1035941
1046627
1047642
1049121
1050115
1053941
1061808
1063482
1063906
1064617
1065586
1065609
1067270
1067297
1067389
1068180
1069087
1072649
1072694
1073089
1084335
1087184
1088408
1090826
1091770
1092319
1105818
1110498
1112370
1112638
1118628
1119777
1124583
1126150
1131849
1132688
1133358
1133400
1135797
1140993
1143884
1144611
1145677
1147464
1152046
1154028
1157240
1157817
1158500
1160709
1160774
1160966
1162462
1162617
1162688
1172309
1173130
1175765
1177702
1178644
1182108
1182884
1185387
1186509
1187238
1188804
1190201
1190774
1192785
1193891
1195720
1196143
1196176
1197312
1197642
1197888
1201695
1202947
1207146
1207489
1209766
1215911
1218443
1219586
1223323
1228491
1230356
1231162
1233807
1235363
1236110
1241972
1243832
1244497
1247564
1248291
1248848
1249305
1252311
1253408
1254439
1255400
1255868
1258238
1260429
1263678
1265111
1265358
1268135
1269794
1272605
1272820
1282560
1283076
1283884
1285628
1288336
1289279
1296300
1301747
1302555
1304082
1306215
1308201
1310936
1321159
1325888
1326251
1331008
1332397
1337022
1341523
1343150
1346078
1349794
1351243
1353962
1354348
1359484
1360216
1361439
1361941
1365090
1366601
1368002
1370267
1370286
1370871
1371045
1373858
1375322
1376197
1378614
1386157
1387264
1388575
1390337
1392006
1393279
1395427
1395457
1398242
1399009
1400630
1401973
1403010
1410713
1415009
1416634
1418305
1419843
1420326
1421362
1421869
1421909
1429217
1429658
1435176
1436254
1437864
1438211
1438359
1439288
1441089
1442842
1446676
1452939
1455856
1457480
1459519
1461537
1464328
1473568
1473605
1474661
1485820
1487527
1489236
1492035
1493829
1494072
1494492
1496022
1502615
1503272
1504309
2
3
7
8
9
10
11
13
14
15
16
17
18
21
22
24
25
27
28
29
30
31
32
33
34
35
36
37
38
40
42
44
45
46
48
49
50
51
52
53
54
55
56
57
58
61
64
65
66
69
70
71
72
75
76
77
79
81
82
83
84
85
87
88
89
90
91
93
94
95
96
97
98
99
100
101
103
104
105
106
107
108
109
110
112
113
114
115
116
118
119
121
122
123
125
126
128
129
130
131
132
133
134
135
136
137
140
141
143
144
145
146
147
148
149
151
152
153
154
156
157
158
160
162
163
164
165
166
167
169
170
171
174
176
177
178
180
181
183
184
186
187
190
192
193
194
195
200
201
202
204
205
207
208
210
211
212
213
214
215
216
218
219
220
222
224
225
227
230
232
233
234
235
236
237
238
239
241
244
246
247
249
250
254
256
257
258
259
261
262
263
265
266
267
268
269
270
272
273
276
277
278
279
280
281
282
286
287
289
290
291
293
294
295
296
297
298
300
304
305
306
307
308
309
310
311
313
314
315
316
319
320
321
322
323
326
327
330
332
333
334
336
340
341
343
345
347
348
349
351
354
355
356
358
360
361
362
363
365
367
368
369
370
372
373
374
376
377
380
381
382
385
387
388
389
390
391
393
394
395
396
397
398
399
401
403
406
407
408
409
410
411
412
413
414
416
417
418
419
420
423
427
428
429
431
432
434
436
437
438
439
441
443
444
446
448
451
453
454
455
457
460
461
462
463
464
466
467
468
471
473
474
475
480
481
482
483
484
485
486
487
488
489
490
491
492
493
494
495
496
497
498
502
503
504
505
507
508
510
512
513
514
516
517
518
519
520
521
523
524
527
529
530
531
533
535
538
539
540
541
544
545
550
551
552
553
555
556
557
561
562
563
565
566
567
569
570
571
572
573
574
575
576
577
578
581
582
584
585
586
587
588
589
591
592
593
594
597
598
601
602
603
604
605
606
609
610
613
616
619
620
621
622
623
624
625
626
628
629
633
634
635
636
637
640
641
