24 93 327529
1273
9539
9761
17995
20533
21059
23508
24642
28975
31020
40478
40812
41778
44082
45767
50186
53040
58931
81843
85349
93202
99940
104911
108245
108335
109748
115917
118198
118902
121065
121260
127073
128728
133146
135704
136568
142392
143516
146476
149657
151200
155180
155647
156462
160467
162979
163462
170851
172860
172883
177993
182781
184896
187326
188490
188718
189274
189459
191115
193005
194115
195944
196520
204096
207181
208319
208956
210428
212567
214718
223396
225262
231276
239557
241333
244480
246648
250754
251006
254045
258062
260720
265008
271947
274066
275092
275447
276977
278037
295481
297836
311710
312931
7
15
17
19
25
26
29
32
38
44
51
54
56
59
62
64
68
70
71
72
73
74
82
83
