27 64 522011
34571
38291
49785
53913
54199
57944
61301
72949
76938
83978
89398
94962
98244
104554
127930
131609
171253
192460
205118
207340
222576
226391
228630
231345
231505
232370
243379
250045
256532
264225
266003
307049
311856
316034
326008
348247
378792
392662
392708
396025
411495
421592
421685
422984
425375
426383
429765
430167
433341
441865
453023
458092
461252
466124
481336
485440
487620
493687
501911
510169
512401
517477
520190
521534
2
5
6
8
9
11
12
13
14
19
21
22
24
30
34
35
38
40
41
43
45
47
49
51
54
61
63
