1000 1000 4000000
3996
7992
11988
15984
19980
23976
27972
31968
35964
39960
43956
47952
51948
55944
59940
63936
67932
71928
75924
79920
83916
87912
91908
95904
99900
103896
107892
111888
115884
119880
123876
127872
131868
135864
139860
143856
147852
151848
155844
159840
163836
167832
171828
175824
179820
183816
187812
191808
195804
199800
203796
207792
211788
215784
219780
223776
227772
231768
235764
239760
243756
247752
251748
255744
259740
263736
267732
271728
275724
279720
283716
287712
291708
295704
299700
303696
307692
311688
315684
319680
323676
327672
331668
335664
339660
343656
347652
351648
355644
359640
363636
367632
371628
375624
379620
383616
387612
391608
395604
399600
403596
407592
411588
415584
419580
423576
427572
431568
435564
439560
443556
447552
451548
455544
459540
463536
467532
471528
475524
479520
483516
487512
491508
495504
499500
503496
507492
511488
515484
519480
523476
527472
531468
535464
539460
543456
547452
551448
555444
559440
563436
567432
571428
575424
579420
583416
587412
591408
595404
599400
603396
607392
611388
615384
619380
623376
627372
631368
635364
639360
643356
647352
651348
655344
659340
663336
667332
671328
675324
679320
683316
687312
691308
695304
699300
703296
707292
711288
715284
719280
723276
727272
731268
735264
739260
743256
747252
751248
755244
759240
763236
767232
771228
775224
779220
783216
787212
791208
795204
799200
803196
807192
811188
815184
819180
823176
827172
831168
835164
839160
843156
847152
851148
855144
859140
863136
867132
871128
875124
879120
883116
887112
891108
895104
899100
903096
907092
911088
915084
919080
923076
927072
931068
935064
939060
943056
947052
951048
955044
959040
963036
967032
971028
975024
979020
983016
987012
991008
995004
999000
1002996
1006992
1010988
1014984
1018980
1022976
1026972
1030968
1034964
1038960
1042956
1046952
1050948
1054944
1058940
1062936
1066932
1070928
1074924
1078920
1082916
1086912
1090908
1094904
1098900
1102896
1106892
1110888
1114884
1118880
1122876
1126872
1130868
1134864
1138860
1142856
1146852
1150848
1154844
1158840
1162836
1166832
1170828
1174824
1178820
1182816
1186812
1190808
1194804
1198800
1202796
1206792
1210788
1214784
1218780
1222776
1226772
1230768
1234764
1238760
1242756
1246752
1250748
1254744
1258740
1262736
1266732
1270728
1274724
1278720
1282716
1286712
1290708
1294704
1298700
1302696
1306692
1310688
1314684
1318680
1322676
1326672
1330668
1334664
1338660
1342656
1346652
1350648
1354644
1358640
1362636
1366632
1370628
1374624
1378620
1382616
1386612
1390608
1394604
1398600
1402596
1406592
1410588
1414584
1418580
1422576
1426572
1430568
1434564
1438560
1442556
1446552
1450548
1454544
1458540
1462536
1466532
1470528
1474524
1478520
1482516
1486512
1490508
1494504
1498500
1502496
1506492
1510488
1514484
1518480
1522476
1526472
1530468
1534464
1538460
1542456
1546452
1550448
1554444
1558440
1562436
1566432
1570428
1574424
1578420
1582416
1586412
1590408
1594404
1598400
1602396
1606392
1610388
1614384
1618380
1622376
1626372
1630368
1634364
1638360
1642356
1646352
1650348
1654344
1658340
1662336
1666332
1670328
1674324
1678320
1682316
1686312
1690308
1694304
1698300
1702296
1706292
1710288
1714284
1718280
1722276
1726272
1730268
1734264
1738260
1742256
1746252
1750248
1754244
1758240
1762236
1766232
1770228
1774224
1778220
1782216
1786212
1790208
1794204
1798200
1802196
1806192
1810188
1814184
1818180
1822176
1826172
1830168
1834164
1838160
1842156
1846152
1850148
1854144
1858140
1862136
1866132
1870128
1874124
1878120
1882116
1886112
1890108
1894104
1898100
1902096
1906092
1910088
1914084
1918080
1922076
1926072
1930068
1934064
1938060
1942056
1946052
1950048
1954044
1958040
1962036
1966032
1970028
1974024
1978020
1982016
1986012
1990008
1994004
1998000
2001996
2005992
2009988
2013984
2017980
2021976
2025972
2029968
2033964
2037960
2041956
2045952
2049948
2053944
2057940
2061936
2065932
2069928
2073924
2077920
2081916
2085912
2089908
2093904
2097900
2101896
2105892
2109888
2113884
2117880
2121876
2125872
2129868
2133864
2137860
2141856
2145852
2149848
2153844
2157840
2161836
2165832
2169828
2173824
2177820
2181816
2185812
2189808
2193804
2197800
2201796
2205792
2209788
2213784
2217780
2221776
2225772
2229768
2233764
2237760
2241756
2245752
2249748
2253744
2257740
2261736
2265732
2269728
2273724
2277720
2281716
2285712
2289708
2293704
2297700
2301696
2305692
2309688
2313684
2317680
2321676
2325672
2329668
2333664
2337660
2341656
2345652
2349648
2353644
2357640
2361636
2365632
2369628
2373624
2377620
2381616
2385612
2389608
2393604
2397600
2401596
2405592
2409588
2413584
2417580
2421576
2425572
2429568
2433564
2437560
2441556
2445552
2449548
2453544
2457540
2461536
2465532
2469528
2473524
2477520
2481516
2485512
2489508
2493504
2497500
2501496
2505492
2509488
2513484
2517480
2521476
2525472
2529468
2533464
2537460
2541456
2545452
2549448
2553444
2557440
2561436
2565432
2569428
2573424
2577420
2581416
2585412
2589408
2593404
2597400
2601396
2605392
2609388
2613384
2617380
2621376
2625372
2629368
2633364
2637360
2641356
2645352
2649348
2653344
2657340
2661336
2665332
2669328
2673324
2677320
2681316
2685312
2689308
2693304
2697300
2701296
2705292
2709288
2713284
2717280
2721276
2725272
2729268
2733264
2737260
2741256
2745252
2749248
2753244
2757240
2761236
2765232
2769228
2773224
2777220
2781216
2785212
2789208
2793204
2797200
2801196
2805192
2809188
2813184
2817180
2821176
2825172
2829168
2833164
2837160
2841156
2845152
2849148
2853144
2857140
2861136
2865132
2869128
2873124
2877120
2881116
2885112
2889108
2893104
2897100
2901096
2905092
2909088
2913084
2917080
2921076
2925072
2929068
2933064
2937060
2941056
2945052
2949048
2953044
2957040
2961036
2965032
2969028
2973024
2977020
2981016
2985012
2989008
2993004
2997000
3000996
3004992
3008988
3012984
3016980
3020976
3024972
3028968
3032964
3036960
3040956
3044952
3048948
3052944
3056940
3060936
3064932
3068928
3072924
3076920
3080916
3084912
3088908
3092904
3096900
3100896
3104892
3108888
3112884
3116880
3120876
3124872
3128868
3132864
3136860
3140856
3144852
3148848
3152844
3156840
3160836
3164832
3168828
3172824
3176820
3180816
3184812
3188808
3192804
3196800
3200796
3204792
3208788
3212784
3216780
3220776
3224772
3228768
3232764
3236760
3240756
3244752
3248748
3252744
3256740
3260736
3264732
3268728
3272724
3276720
3280716
3284712
3288708
3292704
3296700
3300696
3304692
3308688
3312684
3316680
3320676
3324672
3328668
3332664
3336660
3340656
3344652
3348648
3352644
3356640
3360636
3364632
3368628
3372624
3376620
3380616
3384612
3388608
3392604
3396600
3400596
3404592
3408588
3412584
3416580
3420576
3424572
3428568
3432564
3436560
3440556
3444552
3448548
3452544
3456540
3460536
3464532
3468528
3472524
3476520
3480516
3484512
3488508
3492504
3496500
3500496
3504492
3508488
3512484
3516480
3520476
3524472
3528468
3532464
3536460
3540456
3544452
3548448
3552444
3556440
3560436
3564432
3568428
3572424
3576420
3580416
3584412
3588408
3592404
3596400
3600396
3604392
3608388
3612384
3616380
3620376
3624372
3628368
3632364
3636360
3640356
3644352
3648348
3652344
3656340
3660336
3664332
3668328
3672324
3676320
3680316
3684312
3688308
3692304
3696300
3700296
3704292
3708288
3712284
3716280
3720276
3724272
3728268
3732264
3736260
3740256
3744252
3748248
3752244
3756240
3760236
3764232
3768228
3772224
3776220
3780216
3784212
3788208
3792204
3796200
3800196
3804192
3808188
3812184
3816180
3820176
3824172
3828168
3832164
3836160
3840156
3844152
3848148
3852144
3856140
3860136
3864132
3868128
3872124
3876120
3880116
3884112
3888108
3892104
3896100
3900096
3904092
3908088
3912084
3916080
3920076
3924072
3928068
3932064
3936060
3940056
3944052
3948048
3952044
3956040
3960036
3964032
3968028
3972024
3976020
3980016
3984012
3988008
3992004
3996000
1
2
3
4
5
6
7
8
9
10
11
12
13
14
15
16
17
18
19
20
21
22
23
24
25
26
27
28
29
30
31
32
33
34
35
36
37
38
39
40
41
42
43
44
45
46
47
48
49
50
51
52
53
54
55
56
57
58
59
60
61
62
63
64
65
66
67
68
69
70
71
72
73
74
75
76
77
78
79
80
81
82
83
84
85
86
87
88
89
90
91
92
93
94
95
96
97
98
99
100
101
102
103
104
105
106
107
108
109
110
111
112
113
114
115
116
117
118
119
120
121
122
123
124
125
126
127
128
129
130
131
132
133
134
135
136
137
138
139
140
141
142
143
144
145
146
147
148
149
150
151
152
153
154
155
156
157
158
159
160
161
162
163
164
165
166
167
168
169
170
171
172
173
174
175
176
177
178
179
180
181
182
183
184
185
186
187
188
189
190
191
192
193
194
195
196
197
198
199
200
201
202
203
204
205
206
207
208
209
210
211
212
213
214
215
216
217
218
219
220
221
222
223
224
225
226
227
228
229
230
231
232
233
234
235
236
237
238
239
240
241
242
243
244
245
246
247
248
249
250
251
252
253
254
255
256
257
258
259
260
261
262
263
264
265
266
267
268
269
270
271
272
273
274
275
276
277
278
279
280
281
282
283
284
285
286
287
288
289
290
291
292
293
294
295
296
297
298
299
300
301
302
303
304
305
306
307
308
309
310
311
312
313
314
315
316
317
318
319
320
321
322
323
324
325
326
327
328
329
330
331
332
333
334
335
336
337
338
339
340
341
342
343
344
345
346
347
348
349
350
351
352
353
354
355
356
357
358
359
360
361
362
363
364
365
366
367
368
369
370
371
372
373
374
375
376
377
378
379
380
381
382
383
384
385
386
387
388
389
390
391
392
393
394
395
396
397
398
399
400
401
402
403
404
405
406
407
408
409
410
411
412
413
414
415
416
417
418
419
420
421
422
423
424
425
426
427
428
429
430
431
432
433
434
435
436
437
438
439
440
441
442
443
444
445
446
447
448
449
450
451
452
453
454
455
456
457
458
459
460
461
462
463
464
465
466
467
468
469
470
471
472
473
474
475
476
477
478
479
480
481
482
483
484
485
486
487
488
489
490
491
492
493
494
495
496
497
498
499
500
501
502
503
504
505
506
507
508
509
510
511
512
513
514
515
516
517
518
519
520
521
522
523
524
525
526
527
528
529
530
531
532
533
534
535
536
537
538
539
540
541
542
543
544
545
546
547
548
549
550
551
552
553
554
555
556
557
558
559
560
561
562
563
564
565
566
567
568
569
570
571
572
573
574
575
576
577
578
579
580
581
582
583
584
585
586
587
588
589
590
591
592
593
594
595
596
597
598
599
600
601
602
603
604
605
606
607
608
609
610
611
612
613
614
615
616
617
618
619
620
621
622
623
624
625
626
627
628
629
630
631
632
633
634
635
636
637
638
639
640
641
642
643
644
645
646
647
648
649
650
651
652
653
654
655
656
657
658
659
660
661
662
663
664
665
666
667
668
669
670
671
672
673
674
675
676
677
678
679
680
681
682
683
684
685
686
687
688
689
690
691
692
693
694
695
696
697
698
699
700
701
702
703
704
705
706
707
708
709
710
711
712
713
714
715
716
717
718
719
720
721
722
723
724
725
726
727
728
729
730
731
732
733
734
735
736
737
738
739
740
741
742
743
744
745
746
747
748
749
750
751
752
753
754
755
756
757
758
759
760
761
762
763
764
765
766
767
768
769
770
771
772
773
774
775
776
777
778
779
780
781
782
783
784
785
786
787
788
789
790
791
792
793
794
795
796
797
798
799
800
801
802
803
804
805
806
807
808
809
810
811
812
813
814
815
816
817
818
819
820
821
822
823
824
825
826
827
828
829
830
831
832
833
834
835
836
837
838
839
840
841
842
843
844
845
846
847
848
849
850
851
852
853
854
855
856
857
858
859
860
861
862
863
864
865
866
867
868
869
870
871
872
873
874
875
876
877
878
879
880
881
882
883
884
885
886
887
888
889
890
891
892
893
894
895
896
897
898
899
900
901
902
903
904
905
906
907
908
909
910
911
912
913
914
915
916
917
918
919
920
921
922
923
924
925
926
927
928
929
930
931
932
933
934
935
936
937
938
939
940
941
942
943
944
945
946
947
948
949
950
951
952
953
954
955
956
957
958
959
960
961
962
963
964
965
966
967
968
969
970
971
972
973
974
975
976
977
978
979
980
981
982
983
984
985
986
987
988
989
990
991
992
993
994
995
996
997
998
999
1000
